id	eggs_s1	eggs_s2	larves_s1	larves_s2	females_s1	females_s2	males_s1	males_s2
1	3700849	4237172	2	4049895	12	116	20	5782
3	437902	491225	8	76319	29	355	38	330
4	209517	252815	1	34330	21	122	5	2383
5	69865	46603	136	66	504	399	631	3504
6	60496	3472	14364	16243	1221	9501	946	9055
7	31153	10347	37	2082	138	243	42	233
8	21078	23887	7	22725	14	134	27	139
9	19299	3007	1331	1259	2340	23526	2176	21764
10	18081	1718	635	1121	150	1213	91	1158
11	16785	10278	773	231	1468	11792	6929	10567
12	15510	3461	414	127	447	3013	381	2754
13	11201	4207	170	164	101	588	133	568
14	10546	3200	297	216	459	2221	298	2145
15	9312	12384	4	8008	11	218	14	753
16	8896	3898	157	45	164	433	62	387
17	8774	1769	58	312	90	405	63	364
18	8545	5452	103	82	23	391	44	363
19	8545	1067	45	36	139	191	49	168
20	7787	1279	185	79	161	1677	177	1415
21	7667	2556	169	2656	392	2158	217	1970
22	7664	992	63	1646	109	309	22	252
23	7572	2399	99	60	240	815	85	700
24	7284	3939	98	314	19	127	21	129
25	6679	203	624	7	31	441	22	405
26	6677	1053	500	3491	604	3062	297	2539
27	5613	891	468	11061	141	955	110	908
28	5439	639	74	43	106	576	68	503
29	5349	560	132	11	14	92	21	110
30	5297	804	288	469	343	2686	319	2569
31	5061	1124	150	152	187	1656	185	1508
32	4791	5827	4	4179	30	234	16	408
33	4544	885	49	19	82	498	123	545
34	4479	346	34	34	27	275	45	278
35	4177	1504	55	19	109	4181	91	4764
36	3727	3446	120	19	68	706	352	1695
37	3698	186	10	12	18	59	18	71
38	3457	444	208	978	244	1325	221	1239
39	3455	382	169	3551	80	943	85	949
40	3291	155	51	14	27	131	16	149
41	3214	1123	118	23	42	620	244	1461
42	3204	410	61	89	112	840	82	727
43	3184	599	630	709	520	3092	342	2687
44	3102	371	83	38	153	1510	75	899
45	2906	1717	203	23	106	618	115	633
46	2840	1088	121	89	92	793	113	755
47	2731	728	22	8	28	102	18	109
48	2713	1318	112	262	236	2237	217	2269
49	2651	444	545	31	164	904	151	889
50	2610	692	58	56	463	2196	238	2309
51	2535	48	26	11	62	364	64	347
52	2464	153	100	793	25	307	16	287
53	2345	600	54	20	68	313	72	320
54	2240	262	181	416	324	2541	237	2378
55	2184	411	352	108	567	3781	612	4772
56	2156	715	102	10	61	1082	100	1159
57	2148	103	148	277	73	397	67	327
58	2138	1226	157	34	63	786	463	2625
59	2004	4266	339	5	5	52	5	41
60	1963	454	79	140	228	2620	115	2782
61	1956	409	151	10	61	141	28	90
62	1946	237	2	319	31	30	7	37
63	1936	129	27	137	94	661	57	468
64	1896	575	625	36	172	533	116	547
65	1860	85	14	2	34	139	10	110
66	1853	186	19	14	7	44	2	41
67	1788	113	301	3747	30	112	8	149
68	1787	215	94	123	134	1126	161	1214
69	1762	382	9	2	11	27	11	38
70	1734	207	18	2	42	185	37	183
71	1606	260	148	195	149	1729	240	1478
72	1606	1623	231	268	3516	5352	1160	3752
73	1530	1110	3519	35	87	278	49	247
74	1512	274	3	3	11	46	8	41
75	1495	470	51	23	33	3026	48	2912
76	1494	122	25	61	41	244	42	267
77	1490	474	210	38	57	351	37	255
78	1456	432	13	244	61	222	38	190
79	1434	185	62	118	98	1035	89	962
80	1430	7	0	3	12	26	3	20
81	1415	154	37	44	51	118	23	145
82	1407	283	195	87	962	5367	741	4870
83	1382	803	767	253	6355	47803	4215	35610
84	1349	158	72	53	37	259	56	263
85	1324	143	4	1	3	141	16	116
86	1323	347	12	35	15	137	7	86
87	1317	342	205	254	1330	29443	1067	10456
88	1314	211	71	31	142	4405	2025	2510
89	1311	277	10	20	31	115	15	117
90	1301	199	47	243	3	37	4	18
91	1262	341	808	7	40	301	38	459
92	1254	1600	2	157	31	273	15	167
93	1238	698	70	9	61	143	124	770
94	1226	375	5	5	38	436	31	384
95	1219	93	211	152	19	39	4	51
96	1202	211	15	22	8	189	11	149
97	1201	1433	1	579	6	514	8	863
98	1201	485	29	2	13	335	83	241
99	1158	593	59	139	62	413	71	345
100	1089	123	46	10	60	412	59	409
101	1085	219	86	92	319	911	138	918
102	1063	133	69	91	142	988	129	935
103	1015	93	23	46	20	99	8	127
104	1002	536	115	147	598	4874	710	5254
105	994	325	125	90	24	222	31	205
106	985	136	8	32	8	152	16	114
107	985	47	6	5	5	29	3	34
108	978	1660	85	7	14	1185	19	92
109	973	94	49	6	6	108	5	98
110	965	408	52	26	130	576	129	683
111	960	49	91	85	80	94	62	100
112	953	132	32	25	47	356	70	302
113	948	124	113	8	13	350	40	356
114	917	101	28	15	43	165	21	163
115	910	141	17	83	14	113	18	150
116	905	135	46	48	114	665	95	599
117	905	44	11	26	16	86	10	89
118	900	91	35	21	19	131	43	141
119	888	55	36	49	33	162	33	202
120	886	15	5	8	3	49	8	38
121	875	387	51	0	2	51	5	37
122	871	6	1	15	3	39	2	19
123	822	140	154	26	191	1730	220	1601
124	817	150	25	5	61	401	31	336
125	796	195	177	27	119	842	128	709
126	794	122	804	9	76	2544	34	2894
127	784	1109	1	354	35	115	23	186
128	780	85	73	50	605	2392	375	1965
129	779	93	1	6	5	30	6	22
130	767	164	110	29	59	798	124	653
131	760	39	20	35	6	110	9	137
132	749	138	5	2	21	69	10	61
133	747	142	16	3	12	142	24	126
134	738	119	112	32	629	2882	402	2501
135	730	232	143	79	1410	6462	956	6035
136	718	75	30	52	16	475	16	301
137	707	59	124	2	3	82	16	89
138	686	130	36	7	54	409	55	329
139	668	196	17	4	3	98	10	94
140	664	84	18	10	29	208	20	230
141	662	134	5	24	3	13	3	16
142	660	109	24	20	62	420	69	396
143	659	148	47	2	7	178	23	158
144	658	158	44	4	3	110	43	237
145	657	161	86	49	250	1637	206	2725
146	655	87	42	12	28	357	39	324
147	649	130	84	13	71	413	76	518
148	649	5	5	5	9	84	6	67
149	640	113	310	17	60	329	56	351
150	634	76	57	14	17	164	16	166
151	626	189	30	25	17	176	27	141
152	617	1107	26	4	22	74	14	67
153	613	143	42	14	48	343	28	291
154	609	103	38	29	13	213	12	170
155	608	42	37	42	8	354	18	289
156	591	122	17	12	36	124	27	133
157	574	102	22	7	20	141	21	136
158	570	145	45	9	43	262	36	318
159	569	101	825	5	56	92	26	98
160	564	246	43	5	34	380	79	523
161	562	60	2	5	0	24	3	16
162	554	34	20	25	3	96	11	70
163	545	81	25	12	37	533	49	512
164	535	147	100	89	499	4484	636	4228
165	531	233	142	13	7	67	6	49
166	528	1006	3	79	22	337	31	463
167	524	453	15	11	90	261	41	203
168	520	70	103	20	53	394	73	384
169	519	5633	7	87	54	318	46	3083
170	519	86	12	51	31	156	27	166
171	514	67	13	9	62	93	21	86
172	514	89	33	12	95	344	55	322
173	509	136	25	35	43	704	51	739
174	507	92	31	62	34	478	52	443
175	505	23	231	5	2	6	4	9
176	505	177	142	169	578	2733	535	2804
177	496	61	29	30	18	196	44	227
178	481	515	11	59	112	334	81	345
179	477	94	34	15	23	250	28	183
180	474	94	485	3	33	63	13	86
181	474	42	33	27	229	1720	215	1495
182	473	61	36	23	52	165	28	146
183	469	85	35	62	14	305	32	232
184	468	48	40	775	11	186	8	179
185	465	53	1987	7	13	81	11	87
186	464	86	38	24	114	488	56	441
187	464	60	10	20	60	392	39	375
188	464	112	66	12	16	55	13	64
189	463	38	12	19	1	93	11	68
190	455	452	51	8	37	150	28	154
191	455	16	25	3	11	103	9	99
192	454	46	593	16	12	37	5	35
193	451	72	27	292	59	271	43	273
194	451	131	15	57	31	221	39	186
195	447	35	9	6	4	36	2	44
196	441	105	26	57	136	430	62	502
197	440	57	43	40	15	295	33	271
198	438	46	2	68	7	63	6	68
199	437	561	5	333	143	629	68	887
200	436	66	35	19	209	1040	236	1075
201	434	64	34	35	104	434	50	443
202	430	64	10	49	6	36	20	54
203	428	81	10	444	31	135	21	80
204	427	64	49	12	110	506	77	516
205	425	12	2	1	0	19	3	26
206	423	94	95	28	63	463	78	393
207	418	99	334	10	66	124	29	128
208	418	47	23	11	34	304	36	237
209	415	61	9	74	11	50	8	57
210	412	121	222	3	60	378	86	293
211	410	37	72	3	7	61	8	88
212	405	55	21	20	226	1156	151	905
213	404	553	3	63	34	1202	17	682
214	401	36	22	13	86	198	34	164
215	396	237	212	63	1484	78849	1276	63029
216	392	543	2	677	25	124	32	167
217	388	78	12	30	145	1046	27	787
218	387	65	10	29	25	172	26	129
219	387	65	23	7	55	205	19	156
220	386	69	2	1	3	13	3	24
221	382	26	24	36	15	153	15	125
222	379	280	15	10	54	228	32	217
223	377	29	4	190	18	118	10	124
224	370	72	40	16	147	982	237	897
225	368	43	5	4	3	55	7	60
226	368	99	28	25	22	275	47	322
227	363	92	36	6	33	217	28	189
228	362	37	24	7	121	640	82	609
229	361	18	6	8	23	152	21	147
230	360	58	238	1	141	212	24	127
231	360	99	8	36	18	302	18	281
232	359	33	2	9	1	53	6	72
233	357	51	9	13	1	102	6	65
234	356	41	17	32	44	223	20	189
235	355	130	3	2	2	41	3	16
236	355	27	19	4	16	58	13	59
237	354	60	25	60	25	301	46	280
238	352	60	52	29	293	2565	233	2007
239	352	80	60	5	28	125	30	90
240	351	38	6	5	10	40	5	54
241	344	43	56	19	121	709	101	677
242	342	78	32	11	21	313	91	226
243	341	71	35	26	132	1107	195	1043
244	341	66	24	4	7	74	6	54
245	341	49	3	1	15	58	8	37
246	338	52	8	7	33	231	29	200
247	336	106	11	27	13	145	48	151
248	335	16	24	0	1	13	1	13
249	335	55	22	7	41	277	46	243
250	334	6	0	0	4	65	6	64
251	334	34	4	2	60	34	9	10
252	334	57	8	5	20	216	15	217
253	328	90	26	9	101	623	72	449
254	328	52	46	12	43	445	85	430
255	321	70	332	5	13	255	22	227
256	320	67	6	2	0	24	9	29
257	320	45	6	2	28	225	27	199
258	317	374	4	3	9	58	6	56
259	311	56	9	10	4	63	12	81
260	310	48	21	22	30	253	58	241
261	308	236	7	13	8	52	6	63
262	306	84	13	9	42	172	24	151
263	300	34	4	4	44	68	23	63
264	300	42	10	11	13	59	12	87
265	298	47	7	17	21	160	14	222
266	297	61	35	5	39	238	13	606
267	296	20	14	6	5	39	7	44
268	296	359	5	57	65	445	74	323
269	295	80	8	1	33	124	42	167
270	294	10	6	3	21	61	10	56
271	294	18	5	12	8	71	12	37
272	292	24	29	2	132	3161	774	3362
273	291	69	78	35	452	2159	317	1819
274	288	56	46	32	302	2419	279	2305
275	287	32	4	14	1	106	12	102
276	285	31	23	5	20	233	29	209
277	285	36	4	11	21	21	3	42
278	285	18	24	25	28	599	15	614
279	285	218	9	8	0	39	0	22
280	285	14	3	1	0	23	3	22
281	283	29	4	8	23	204	40	186
282	282	24	5	16	4	17	5	22
283	281	44	26	18	26	291	28	302
284	280	15	21	6	73	308	48	297
285	279	389	2	67	5	211	20	223
286	276	16	7	19	1	89	6	347
287	276	97	1	1	30	93	24	113
288	276	65	58	20	179	2430	215	2002
289	274	304	5	130	15	146	45	139
290	273	20	10	18	20	58	6	53
291	270	52	24	11	61	423	67	415
292	270	238	31	22	92	934	133	971
293	267	51	73	16	36	279	67	249
294	267	36	19	9	10	148	19	199
295	266	24	12	4	14	307	17	185
296	266	54	78	9	59	224	33	210
297	265	58	13	3	13	491	26	470
298	265	33	23	6	8	109	18	99
299	264	78	8	26	73	216	29	221
300	263	85	133	44	64	249	27	143
301	263	34	6	12	14	76	13	56
302	260	38	0	3	3	30	2	43
303	260	396	3	30	16	934	28	743
304	259	47	17	37	25	267	20	244
305	259	62	29	4	1	74	2	141
306	259	41	16	20	38	219	45	176
307	257	8	3	2	5	21	4	24
308	257	68	2	6	0	27	2	35
309	256	45	17	21	40	220	15	245
310	256	38	23	14	18	183	16	103
311	255	58	21	14	79	692	87	537
312	254	58	94	20	550	1430	277	2597
313	253	47	17	2	68	220	74	158
314	252	40	9	8	24	67	17	73
315	252	45	34	14	62	895	68	654
316	252	57	18	7	32	184	42	199
317	252	39	352	0	3	64	6	60
318	251	49	42	12	246	1508	185	1435
319	250	44	9	8	15	458	21	233
320	250	58	3	3	5	113	4	90
321	250	47	34	6	25	320	41	270
322	249	54	7	1	18	18	2	29
323	245	53	13	8	32	233	29	188
324	244	15	8	5	43	122	63	124
325	243	71	37	12	301	217	218	274
326	243	31	11	12	21	191	8	191
327	242	8	8	11	5	54	5	34
328	241	40	13	30	32	376	25	276
329	238	393	5737	15	98	1016	161	814
330	238	275	0	67	3	37	14	37
331	236	50	10	5	15	160	8	125
332	236	1	0	0	8	22	4	47
333	235	42	22	9	13	81	7	100
334	234	22	7	8	24	155	25	127
335	233	31	14	7	49	105	15	76
336	233	28	15	6	9	45	10	45
337	233	221	25	102	179	832	103	748
338	227	32	6	11	1	35	4	25
339	226	42	13	14	30	182	38	116
340	226	26	2	174	4	51	12	60
341	226	33	8	9	47	286	40	275
342	225	25	57	1	27	51	14	55
343	225	34	6	5	102	435	55	418
344	224	17	15	14	39	87	7	52
345	224	41	3	0	4	101	9	98
346	220	32	4	5	12	61	6	63
347	219	24	1	1	3	33	6	14
348	219	44	14	16	33	52	27	51
349	218	29	6	6	10	49	8	33
350	216	14	6	1	1	23	1	15
351	216	101	2	2	22	142	23	97
352	215	27	18	16	130	696	102	696
353	213	48	26	9	23	344	62	461
354	213	56	12	6	13	87	13	93
355	213	29	252	0	3	60	19	83
356	213	3	2	1	37	249	19	182
357	211	32	10	14	31	235	26	227
358	210	91	14	0	8	24	32	170
359	210	20	10	3	34	103	14	124
360	208	22	9	4	12	71	10	64
361	207	42	93	9	7	145	24	131
362	207	57	24	14	2227	29087	550	6656
363	206	29	19	22	10	164	15	155
364	206	36	3	5	15	37	12	32
365	206	9715	11	190	88	291	16	5222
366	205	35	61	3	8	71	7	57
367	205	23	4	3	2	63	1	56
368	204	119	25	5	25	103	43	199
369	203	52	13	12	7	127	8	97
370	202	9	0	6	5	45	9	49
371	201	33	47	7	26	190	47	163
372	201	27	16	25	10	193	21	165
373	200	35	14	15	18	332	23	305
374	199	43	12	7	23	193	22	179
375	199	28	1	8	14	42	2	26
376	198	60	13	11	75	335	61	362
377	196	275	17	113	77	283	64	310
378	196	37	16	24	21	293	11	202
379	196	77	0	0	1	11	2	5
380	195	48	23	14	2	122	11	105
381	195	29	20	5	9	73	12	54
382	193	38	334	6	86	81	40	81
383	192	37	39	22	182	1530	119	1413
384	192	27	24	5	70	428	49	350
385	192	33	18	1	16	47	3	47
386	191	12	9	2	25	26	6	53
387	191	33	7	21	16	157	25	141
388	191	19	10	1	4	94	16	85
389	190	23	6	33	18	130	18	118
390	189	11	13	8	132	1290	80	902
391	189	29	54	1	14	69	27	58
392	188	34	7	0	5	39	6	28
393	188	22	4	23	30	51	7	70
394	188	77	26	123	11	1691	21	1902
395	187	5	3	4	19	38	5	21
396	185	27	10	27	21	149	33	178
397	185	51	17	17	62	286	37	229
398	185	27	14	7	12	115	17	86
399	184	35	4	2	5	73	9	66
400	184	49	9	19	10	38	8	32
401	184	23	3	6	9	53	12	43
402	183	49	9	4	13	83	7	94
403	183	35	60	3	34	237	34	160
404	182	40	14	10	13	164	33	173
405	182	75	15	1	0	65	19	124
406	182	33	12	5	9	72	4	57
407	182	20	6	0	25	87	18	63
408	180	26	11	15	17	175	22	191
409	179	20	15	11	52	94	15	60
410	179	25	5	39	4	216	6	126
411	178	31	3	18	26	105	21	86
412	177	14	6	3	2	79	10	51
413	177	17	9	31	11	46	13	56
414	176	17	4	1	30	51	8	54
415	175	18	60	8	70	40	17	75
416	174	24	16	13	31	284	24	287
417	173	32	28	19	136	1211	145	977
418	173	30	18	6	16	183	15	135
419	172	48	35	19	380	1761	200	1676
420	172	22	10	8	9	119	29	123
421	172	20	532	4	4	32	6	31
422	171	16	13	4	18	1174	10	1564
423	170	25	73	4	4	220	13	114
424	170	73	15	1	6	44	7	44
425	169	30	9	8	50	335	62	458
426	167	9	8	8	34	413	35	396
427	166	9	37	7	103	1080	82	821
428	165	22	5	2	70	72	8	55
429	163	23	15	5	5	84	6	57
430	163	20	5	15	8	52	3	38
431	162	31	29	11	628	2279	180	1888
432	162	39	2	4	7	67	11	45
433	162	52	1	10	16	74	10	64
434	162	36	26	11	101	860	77	758
435	161	19	15	2	50	155	14	147
436	161	18	4	1	43	78	11	54
437	161	156	3	25	13	24	4	14
438	161	23	4	2	11	73	10	71
439	160	28	37	4	103	972	303	782
440	159	53	29	13	129	871	120	732
441	158	28	22	9	95	751	85	720
442	158	41	15	5	65	637	86	619
443	157	24	25	6	30	294	84	258
444	157	17	2	0	29	149	34	176
445	156	14	6	2	0	36	14	34
446	156	23	39	12	33	597	118	390
447	156	68	12	2	22	105	10	95
448	156	21	17	7	135	433	47	444
449	156	17	3	9	9	52	4	44
450	155	37	29	21	367	1357	248	1407
451	155	27	13	21	8	45	8	37
452	154	48	5	12	3	60	9	44
453	152	54	10	1	16	189	41	216
454	152	23	16	11	27	230	24	173
455	150	9	3	0	9	51	9	47
456	150	14	4	2	3	27	3	25
457	149	58	51	5	13	52	5	69
458	149	14	3	1	4	37	3	21
459	148	24	56	5	35	335	76	242
460	148	25	17	1	16	76	16	86
461	147	54	36	7	204	1718	191	1324
462	147	17	4	2	4	90	4	45
463	147	34	10	6	4	19	1	9
464	146	21	13	5	75	163	30	175
465	144	15	12	2	28	67	9	73
466	143	10	52	1	48	218	44	169
467	143	14	3	1	9	60	8	25
468	142	31	6	7	71	38	12	53
469	142	13	9	5	56	253	38	252
470	141	24	4	20	28	85	21	81
471	140	25	14	7	50	394	51	351
472	140	15	9	1	2	20	5	28
473	139	2	1	2	13	94	24	99
474	139	36	9	13	33	88	19	46
475	138	32	19	14	171	1189	86	964
476	137	45	16	3	67	156	27	150
477	136	5	3	6	36	245	32	190
478	135	21	1	9	4	81	5	82
479	135	34	25	18	133	586	79	551
480	135	67	17	18	17	77	5	61
481	135	25	23	17	148	1917	129	2289
482	135	26	13	3	19	44	6	38
483	134	29	8	6	1	44	4	41
484	133	28	39	2	15	24	10	35
485	133	26	14	6	114	201	59	155
486	132	22	5	9	7	90	13	85
487	132	27	70	3	4	228	13	209
488	132	35	23	10	49	832	56	729
489	132	77	11	6	48	322	66	256
490	131	27	8	22	24	120	9	97
491	130	23	4	1	6	53	8	35
492	130	8	9	1	6	48	21	56
493	129	23	23	8	101	148	65	84
494	129	35	5	1	1	31	4	22
495	129	44	63	1	13	191	19	162
496	128	11	7	4	73	264	30	245
497	127	16	2	1	2	22	8	17
498	127	22	8	3	63	31	7	28
499	127	9	2	0	16	41	5	42
500	126	12	14	1	43	228	45	227
501	125	24	67	1	16	37	2	34
502	125	30	20	20	109	666	420	667
503	125	13	7	1	11	94	15	67
504	125	9	6	6	15	186	35	140
505	125	39	7	40	9	65	5	64
506	124	16	1	5	4	37	7	38
507	124	8	1	14	1	43	2	34
508	123	14	17	14	150	879	107	886
509	123	11	6	5	16	83	6	80
510	123	146	3	94	10	135	24	113
511	123	12	7	18	4	26	9	29
512	123	25	12	2	17	156	10	144
513	123	14	92	1	6	61	3	24
514	123	69	35	17	264	1353	214	1222
515	122	9	9	7	0	51	4	27
516	121	24	1	2	0	55	5	27
517	121	25	2	9	40	343	39	320
518	120	20	9	10	9	73	8	60
519	120	34	8	6	4	154	13	133
520	120	20	3	3	9	125	23	110
521	119	19	7	3	14	313	13	222
522	119	1	0	0	0	10	2	11
523	119	47	24	12	126	57558	112	21368
524	118	18	10	7	25	54	3	31
525	118	14	14	6	35	332	40	223
526	117	11	6	1	13	14	2	7
527	117	17	8	11	19	257	11	220
528	117	22	463	4	3	34	3	40
529	117	15	13	8	22	345	35	345
530	116	32	11	8	129	610	69	573
531	116	65	24	8	94	806	58	741
532	116	34	27	8	359	1500	130	1119
533	116	16	25	10	53	453	49	358
534	114	14	10	6	45	146	41	151
535	114	10	2	7	14	34	2	33
536	114	8	1	3	6	60	9	32
537	113	5	7	17	3	84	10	72
538	113	16	29	6	55	269	54	225
539	113	16	14	4	19	121	24	126
540	112	46	18	12	164	862	149	779
541	112	21	15	10	44	744	22	587
542	111	16	8	1	17	122	20	74
543	111	21	20	10	143	1406	121	1443
544	111	30	1	10	17	79	8	96
545	111	23	4	1	7	231	14	215
546	110	10	5	2	1	25	6	29
547	110	10	10	0	1	36	5	47
548	110	11	3	8	20	77	13	71
549	110	9	7	1	1	18	8	17
550	110	49	11	7	164	607	73	480
551	108	8	3	34	11	103	3	118
552	108	26	3	2	4	84	25	91
553	107	18	9	6	53	235	26	230
554	107	19	9	0	7	38	1	28
555	107	16	4	4	14	38	4	30
556	107	19	2	5	3	21	2	20
557	107	13	7	5	1	43	5	62
558	106	22	16	5	121	1239	96	1537
559	106	18	15	10	2	75	4	45
560	106	9	5	5	2	125	3	79
561	106	10	4	5	0	17	2	11
562	105	12	5	18	2	21	2	36
563	105	9	2	3	37	100	14	101
564	105	14	5	12	9	146	10	69
565	105	15	4	4	7	40	2	30
566	105	10	12	3	7	40	10	22
567	105	34	8	11	67	397	94	389
568	105	14	6	2	4	35	5	21
569	105	17	26	10	164	809	117	701
570	104	12	2	4	2	66	27	67
571	104	20	6	6	70	377	66	298
572	104	10	9	0	16	200	21	234
573	104	3	12	0	17	25	4	33
574	104	6	3	0	26	64	8	55
575	104	12	1	5	16	138	14	104
576	103	15	5	4	4	35	4	41
577	103	10	8	3	2	80	9	60
578	103	14	5	0	18	168	10	163
579	103	30	4	0	10	16	10	25
580	102	12	7	1	2	41	6	46
581	102	28	14	13	32	161	23	168
582	102	23	10	11	110	1366	104	1125
583	102	13	5	1	6	60	5	60
584	102	29	16	11	105	742	134	678
585	101	13	65	4	3	65	1	33
586	100	13	19	4	89	323	95	308
587	99	17	16	8	53	560	60	536
588	99	23	9	6	115	1023	49	1107
589	99	19	19	4	97	627	85	630
590	99	17	7	9	8	42	5	37
591	98	13	3	8	2	62	20	69
592	98	2	6	4	3	10	2	12
593	97	16	2	0	1	34	1	48
594	97	17	6	20	19	51	6	44
595	97	194	11	2	8	90	13	76
596	96	19	61	1	2	56	11	42
597	96	5	1	0	2	30	7	25
598	95	8	1	4	4	14	2	22
599	95	23	29	14	285	1025	114	772
600	95	12	3	0	0	58	4	72
601	94	7	0	5	19	110	16	66
602	94	12	2	5	3	31	3	31
603	94	14	9	7	34	356	33	313
604	93	16	7	2	6	78	11	49
605	93	20	5	4	21	104	21	139
606	93	10	4	4	8	43	11	58
607	93	11	18	6	61	357	48	429
608	92	11	1	6	1	19	1	11
609	92	18	9	5	48	317	31	257
610	92	18	2	22	9	87	8	58
611	91	6	4	5	11	76	11	90
612	91	18	23	19	263	909	173	860
613	91	20	2	10	1	24	2	22
614	90	13	1	1	1	33	2	33
615	90	587	4	4	43	206	36	176
616	90	16	14	1	3	118	31	92
617	90	6	2	6	27	88	12	78
618	90	24	13	14	0	51	10	54
619	89	16	25	9	115	876	70	756
620	89	16	5	3	27	179	13	204
621	89	19	4	12	4	44	5	33
622	88	11	9	3	24	198	21	133
623	88	10	0	0	5	20	2	14
624	88	16	17	12	38	950	77	776
625	88	10	8	8	16	45	15	67
626	88	9	4	3	9	42	12	36
627	88	22	5	3	5	78	10	78
628	87	31	24	9	161	611	92	608
629	87	1	1	0	0	1	0	3
630	87	13	20	6	125	51	41	66
631	87	10	2	1	2	39	5	28
632	87	6	1	4	47	255	23	149
633	86	2	2	0	1	10	4	19
634	86	18	9	24	7	7	3	38
635	86	16	3	5	2	43	2	22
636	86	6	4	0	1	40	1	41
637	86	17	4	6	3	39	3	49
638	86	8	3	36	7	26	1	38
639	86	8	7	4	0	44	0	49
640	86	14	13	12	13	75	6	73
641	85	12	17	2	3	62	5	53
642	85	14	6	7	11	163	15	241
643	85	29	16	1	278	238	69	233
644	85	9	4	0	11	43	12	29
645	84	33	19	5	103	1083	116	812
646	84	8	4	0	4	32	5	50
647	84	14	2	2	20	94	6	127
648	84	27	6	1	25	31	1	38
649	84	12	8	3	69	194	44	177
650	83	6	1	1	8	51	7	40
651	83	22	6	16	2	104	20	87
652	83	65	7	18	278	205	20	62
653	83	9	4	2	7	38	2	27
654	82	10	1	1	19	50	6	45
655	82	12	5	8	66	387	58	406
656	82	15	14	3	8	62	15	73
657	82	49	17	25	233	1062	144	1076
658	81	12	9	5	23	136	15	113
659	81	17	3	7	0	27	3	49
660	81	8	6	1	21	111	24	94
661	81	17	10	0	11	67	1	37
662	80	3	2	8	4	37	2	34
663	80	17	9	7	80	674	83	615
664	80	13	6	5	72	492	53	439
665	80	12	11	0	2	17	3	21
666	80	12	8	5	36	57	7	38
667	79	48	3	44	2	195	26	174
668	79	2	0	0	6	390	3	412
669	79	11	6	2	30	94	33	118
670	78	23	13	5	58	258	46	247
671	78	10	1	1	11	7	0	7
672	78	81	21	77	118	679	96	691
673	78	20	5	8	45	191	32	187
674	78	19	6	12	24	137	12	99
675	77	1	1	0	6	12	5	31
676	77	21	25	5	83	605	153	557
677	77	17	2	11	1	29	8	11
678	77	37	29	11	203	1405	156	1295
679	77	13	10	9	45	278	18	234
680	77	11	3	3	0	27	11	28
681	77	14	20	2	16	242	46	277
682	77	2	3	0	7	38	7	44
683	76	11	2	1	6	86	11	55
684	76	20	21	2	12	47	28	38
685	76	182	4	10	19	208	35	322
686	76	15	6	2	1	9	3	19
687	76	12	3	2	10	7	1	17
688	76	11	10	2	4	54	19	54
689	76	8	6	5	27	163	21	286
690	75	10	9	7	22	224	19	199
691	75	18	2	14	14	67	8	46
692	75	14	9	3	17	194	24	183
693	75	12	4	2	1	20	10	24
694	75	13	2	1	4	91	13	60
695	75	20	4	4	37	147	14	138
696	74	7	8	6	52	86	34	94
697	74	20	3	14	3	74	12	64
698	74	27	2	2	16	91	84	428
699	74	13	10	5	58	286	46	312
700	74	18	5	4	23	345	36	299
701	74	15	0	0	0	31	5	25
702	73	16	4	7	38	347	35	275
703	73	8	10	5	9	26	4	35
704	73	26	17	6	172	523	125	561
705	73	10	14	12	137	533	48	455
706	73	11	3	4	8	45	12	45
707	72	14	1	13	15	22	4	29
708	72	19	26	3	38	415	58	387
709	72	6	32	10	1	40	10	37
710	72	14	9	1	7	19	7	18
711	72	10	18	1	6	97	17	75
712	72	9	0	0	3	62	7	49
713	71	19	6	9	119	650	47	570
714	71	8	1	3	25	76	4	59
715	71	19	8	7	122	591	81	493
716	71	1	16	4	2	155	13	159
717	71	6	18	3	80	532	50	526
718	71	11	20	2	7	56	21	60
719	70	12	7	0	0	25	5	25
720	70	6	2	1	0	37	4	33
721	70	7	1	0	0	28	1	15
722	70	7	11	1	41	263	56	268
723	69	7	2	0	6	38	6	24
724	69	13	9	8	1	18	1	25
725	69	9	15	5	67	430	26	384
726	69	1	0	0	1	24	6	7
727	69	2	3	0	2	43	4	37
728	69	8	2	0	20	143	20	192
729	69	10	58	3	16	79	21	96
730	69	10	5	4	15	40	14	69
731	68	16	8	6	69	363	53	329
732	68	10	2	0	6	15	6	19
733	68	9	1	0	2	17	1	20
734	68	15	5	8	34	237	7	280
735	67	8	3	2	7	66	18	59
736	67	18	11	3	70	660	199	448
737	67	10	2	2	3	3	0	20
738	67	17	5	4	75	524	73	526
739	66	12	2	1	17	53	10	53
740	66	15	1	3	0	35	3	42
741	66	9	10	5	4	41	7	42
742	66	6	3	0	5	73	7	51
743	66	8	2	1	3	30	2	23
744	66	5	4	2	2	73	24	61
745	66	11	2	1	0	48	7	25
746	66	24	20	2	0	52	13	97
747	66	34	47	15	373	42121	203	12424
748	66	6	6	7	38	179	21	124
749	65	24	12	11	474	1020	40	274
750	65	13	23	3	63	390	56	343
751	65	8	1	3	1	45	3	36
752	65	15	8	1	61	437	36	442
753	65	7	4	2	14	149	20	144
754	65	6	4	6	4	128	6	59
755	65	6	0	1	22	153	15	168
756	65	7	23	7	4	65	7	100
757	64	6	4	2	23	93	4	119
758	64	9	1	1	4	34	1	38
759	64	12	13	7	57	704	45	649
760	64	7	2	6	0	27	2	26
761	64	8	3	2	103	162	38	155
762	64	16	6	3	12	37	6	96
763	64	8	7	5	0	21	2	24
764	64	1	3	1	8	40	8	41
765	64	18	5	5	1	40	2	48
766	64	11	2	1	0	24	9	36
767	64	4	3	0	13	59	24	62
768	64	10	3	4	6	112	11	107
769	63	27	5	0	7	100	9	75
770	63	4	7	1	53	282	58	268
771	63	11	6	0	2	34	7	44
772	63	9	0	2	1	17	1	14
773	63	0	0	0	13	12	3	22
774	63	19	15	5	218	675	85	573
775	63	11	2	3	4	59	9	38
776	63	12	4	1	1	17	5	14
777	63	17	5	0	0	8	1	33
778	63	7	0	0	12	74	9	67
779	62	16	50	32	23	127	22	99
780	62	11	22	0	1	24	16	42
781	62	15	14	6	63	432	46	433
782	62	7	5	0	0	50	11	29
783	62	9	4	2	0	25	7	28
784	62	8	7	1	26	279	34	264
785	62	8	1	1	0	27	3	20
786	62	10	11	2	5	108	16	64
787	62	10	5	2	1	32	15	40
788	62	5	0	1	6	44	6	19
789	61	14	25	6	19	132	30	150
790	61	13	2	3	7	102	12	136
791	61	13	10	3	18	1139	27	965
792	61	10	2	0	0	31	1	32
793	60	5	13	1	88	738	47	776
794	60	27	9	10	109	397	57	327
795	60	6	0	1	6	39	3	24
796	60	6	5	12	4	32	3	24
797	60	9	9	4	39	311	42	343
798	60	6	5	4	16	461	19	415
799	60	7	14	0	7	151	37	111
800	60	12	10	9	0	43	4	56
801	60	14	8	2	0	19	6	34
802	60	8	4	6	42	213	34	273
803	59	1	0	0	2	24	5	9
804	59	17	3	14	6	57	2	43
805	59	11	6	3	48	140	22	126
806	59	11	8	1	13	54	9	44
807	59	11	0	0	0	8	2	17
808	59	5	14	3	3	178	41	121
809	58	5	0	2	0	17	3	18
810	58	11	5	2	12	29	14	20
811	58	13	16	0	16	278	22	206
812	58	2	4	0	5	59	11	44
813	58	17	14	3	7	117	22	96
814	58	3	2	2	0	1	2	3
815	57	18	6	10	66	459	58	507
816	57	7	4	1	5	50	9	36
817	57	7	11	2	79	729	53	813
818	57	6	1	1	1	53	11	39
819	57	8	0	0	1	31	2	20
820	57	14	5	3	21	168	22	171
821	56	13	8	3	29	356	60	327
822	56	23	9	1	1	31	5	21
823	56	10	0	0	7	59	10	56
824	56	11	9	6	0	61	1	38
825	56	9	9	5	44	329	42	350
826	56	11	8	1	49	258	15	164
827	56	18	2	5	0	21	1	25
828	56	10	3	5	2	64	6	43
829	55	12	6	2	37	362	30	307
830	55	5	8	3	23	60	7	76
831	55	16	8	9	32	622	42	478
832	55	6	4	6	8	170	6	289
833	55	9	8	3	9	70	7	64
834	55	12	8	6	30	164	25	151
835	55	11	6	0	1	138	0	95
836	55	10	4	1	4	105	21	63
837	55	20	9	1	0	8	2	19
838	55	7	3	5	0	30	8	30
839	55	14	5	7	16	128	17	119
840	55	12	20	1	15	45	19	57
841	55	7	3	4	17	222	23	189
842	55	3	6	1	0	60	10	45
843	55	6	14	1	12	86	36	98
844	55	2	1	0	4	25	8	35
845	55	8	9	2	31	622	29	690
846	54	9	5	6	4	99	6	77
847	54	364	1	0	2	33	8	26
848	54	13	2	4	1	12	2	29
849	54	4	1	0	21	109	16	75
850	54	4	2	0	11	264	11	149
851	54	8	21	3	0	20	9	33
852	54	5	0	0	2	106	1	132
853	54	4	1	1	14	95	11	56
854	53	15	3	1	3	28	1	41
855	53	18	5	1	27	60	10	57
856	53	12	4	0	0	10	8	14
857	53	8	6	4	29	277	28	304
858	53	2	2	1	7	72	14	44
859	53	16	4	5	1	17	2	17
860	53	12	7	1	75	237	49	265
861	53	18	21	9	48	218	34	216
862	53	11	1	1	2	38	4	68
863	53	9	7	4	69	527	43	626
864	52	11	7	6	20	410	33	335
865	52	8	4	2	28	95	27	69
866	52	7	1	3	0	27	0	30
867	52	10	29	6	1	43	11	42
868	52	7	5	1	4	13	6	29
869	52	42	16	6	157	361	39	292
870	52	47	7	55	64	275	42	242
871	52	15	5	6	108	284	53	272
872	52	13	0	0	15	38	6	29
873	51	16	8	7	15	205	36	196
874	51	6	6	0	5	26	5	36
875	51	5	1	3	17	33	4	22
876	51	8	2	2	5	39	7	31
877	51	16	43	0	45	67	14	57
878	51	10	1	3	0	37	4	31
879	51	13	9	2	106	266	56	386
880	51	8	8	3	11	16	9	29
881	51	22	24	10	363	310	160	325
882	51	7	11	1	77	597	57	472
883	51	8	6	2	0	28	7	39
884	51	6	0	5	0	45	6	34
885	51	7	2	2	3	90	8	84
886	51	32	5	5	71	366	23	214
887	50	11	3	0	12	185	9	310
888	50	1090	9	23	36	161	18	666
889	50	6	9	1	38	1509	39	1940
890	50	0	0	0	12	13	0	9
891	50	8	1	0	9	55	15	51
892	50	13	3	1	5	136	19	134
893	50	4	0	2	17	23	0	28
894	50	4	7	4	53	250	27	232
895	50	2	5	4	36	146	23	119
896	50	5	2	0	1	34	6	40
897	50	9	2	2	0	9	4	19
898	49	4	5	2	45	210	30	187
899	49	6	3	5	6	44	7	36
900	49	19	12	4	151	670	83	505
901	49	9	2	5	8	77	9	73
902	49	18	9	12	83	810	91	693
903	49	7	2	0	4	24	0	15
904	49	5	5	4	1	52	26	53
905	49	2	2	0	5	21	2	11
906	49	23	1	1	8	453	217	238
907	48	6	5	4	22	1273	24	778
908	48	15	18	5	177	690	92	652
909	48	6	7	0	4	35	4	34
910	48	14	2	1	1	35	6	24
911	48	8	13	2	3	103	21	123
912	48	5	2	1	11	79	13	79
913	48	10	9	0	1	38	8	44
914	47	11	1	1	2	37	6	36
915	47	9	19	2	94	348	35	270
916	47	11	5	5	30	98	17	123
917	47	17	4	5	20	202	13	171
918	47	8	10	1	20	68	14	80
919	47	3	5	1	18	68	16	92
920	47	13	4	2	16	223	31	154
921	47	12	13	5	79	629	72	456
922	46	3	4	1	19	68	24	47
923	46	8	2	7	18	180	16	179
924	46	15	7	7	40	163	27	141
925	46	5	2	1	3	56	9	41
926	46	7	2	2	10	99	14	103
927	46	11	0	4	1	24	3	8
928	46	7	16	6	8	56	15	55
929	46	8	2	7	3	45	3	39
930	46	12	2	4	32	277	20	233
931	46	8	8	6	32	272	74	283
932	45	58	11	5	83	478	74	493
933	45	2	1	0	1	10	5	14
934	45	5	5	4	0	18	1	16
935	45	13	36	8	118	466	103	492
936	45	3	1	4	0	82	3	48
937	45	8	1	5	14	35	3	12
938	45	16	10	6	69	634	63	503
939	45	10	7	6	40	483	111	407
940	45	9	9	5	38	179	30	173
941	45	6	5	2	11	202	25	179
942	45	5	4	2	21	195	16	178
943	45	11	0	2	2	17	2	7
944	45	7	4	2	66	226	26	217
945	45	8	0	2	16	259	16	213
946	45	31	5	7	45	249	17	206
947	45	10	8	0	44	284	27	275
948	44	6	2	3	62	239	43	236
949	44	19	6	1	24	352	27	342
950	44	5	2	0	3	18	0	13
951	44	2	0	0	8	18	3	26
952	44	11	8	6	22	334	46	304
953	44	7	2	0	21	109	13	83
954	44	12	5	1	0	16	0	16
955	44	7	3	3	1	34	6	27
956	44	12	5	3	39	413	22	363
957	43	9	3	4	2	26	8	30
958	43	6	2	1	2	38	6	26
959	43	11	2	3	43	209	33	189
960	43	2	3	0	23	165	20	131
961	43	17	13	4	41	234	69	281
962	43	6	19	4	68	466	44	531
963	43	3	3	4	20	171	19	143
964	43	13	14	2	120	358	89	433
965	42	8	5	0	26	124	15	109
966	42	2	3	4	25	136	21	104
967	42	9	0	4	5	225	6	177
968	42	10	2	2	12	168	9	137
969	42	8	0	0	6	61	37	50
970	42	2	2	6	8	56	12	50
971	42	9	3	6	0	108	12	77
972	41	2	2	3	10	75	10	59
973	41	2	5	6	11	104	22	71
974	41	3	1	2	13	29	4	42
975	41	9	10	5	40	213	12	202
976	41	16	10	7	61	238	30	187
977	41	7	9	2	3	28	9	33
978	41	7	55	0	6	36	6	22
979	41	9	3	1	62	252	47	164
980	41	4	4	0	7	78	11	64
981	41	9	3	3	44	1191	28	1172
982	41	6	18	2	3	49	8	66
983	41	6	3	3	11	37	11	29
984	40	6	3	8	0	26	4	29
985	40	4	9	1	2	2162	1143	866
986	40	3	2	5	27	155	17	180
987	40	3	3	5	2	22	3	15
988	40	11	11	11	58	476	32	391
989	40	7	0	2	22	383	13	225
990	40	7	2	1	1	26	4	10
991	40	2	5	1	14	162	20	160
992	40	7	8	2	23	227	31	222
993	40	1	1	5	4	147	15	135
994	40	4	3	0	7	265	11	211
995	40	7	9	4	33	159	24	160
996	40	15	2	8	71	416	48	334
997	40	7	7	1	9	40	3	40
998	40	8	2	0	26	276	17	233
999	40	5	0	0	0	12	4	18
1000	39	12	8	2	5	26	9	31
1001	39	7	15	3	46	117	11	112
1002	39	2	1	0	1	40	3	60
1003	39	9	4	1	10	13	3	6
1004	39	12	1	0	46	183	58	207
1005	39	13	31	7	7	86	7	102
1006	39	11	6	9	27	200	22	181
1007	39	2	3	1	1	33	4	19
1008	39	6	3	0	0	24	3	13
1009	39	5	1	1	13	91	7	82
1010	39	12	4	1	28	332	38	327
1011	39	7	9	8	72	2010	50	2548
1012	39	4	10	4	35	205	32	209
1013	39	10	8	1	22	725	43	535
1014	39	5	0	5	3	96	20	89
1015	38	3	8	1	11	73	4	56
1016	38	5	15	1	5	22	3	24
1017	38	5	0	3	1	27	3	13
1018	38	14	14	3	85	732	38	677
1019	38	5	4	1	11	62	13	35
1020	38	13	3	1	2	14	4	28
1021	38	6	0	1	6	27	2	32
1022	38	6	0	0	7	32	8	52
1023	38	3	5	2	20	257	26	176
1024	38	6	3	0	2	17	8	32
1025	38	9	11	5	43	347	47	287
1026	38	3	6	1	24	138	14	112
1027	38	11	20	3	88	986	104	777
1028	38	21	4	38	43	315	47	309
1029	37	7	0	0	3	11	4	31
1030	37	24	11	4	113	269	78	282
1031	37	4	2	1	18	57	6	58
1032	37	6	5	0	2	63	14	18
1033	37	1	2	0	11	36	2	42
1034	37	3	7	2	21	80	13	70
1035	37	5	0	0	4	49	4	52
1036	37	5	2	0	10	17	0	18
1037	37	5	4	1	2	63	3	75
1038	37	2	2	1	3	121	37	84
1039	37	16	2	3	17	87	10	83
1040	37	2	4	2	15	76	14	32
1041	37	6	2	1	40	176	16	110
1042	37	6	0	0	6	26	3	32
1043	37	2	2	3	18	74	21	119
1044	37	4	10	0	1	61	15	54
1045	37	0	0	2	1	22	7	23
1046	37	13	1	1	1	19	6	34
1047	36	1	0	0	0	51	9	66
1048	36	62	8	7	52	324	50	321
1049	36	8	29	0	11	36	13	37
1050	36	5	0	5	6	21	1	16
1051	36	3	4	2	11	190	15	172
1052	36	10	2	0	0	25	2	13
1053	36	11	4	3	32	58	14	41
1054	36	9	1	5	8	99	17	89
1055	36	7	2	0	39	287	24	239
1056	36	3	0	1	31	90	13	110
1057	36	12	3	4	1	14	0	10
1058	36	2	6	1	1	38	10	9
1059	36	5	6	2	8	62	12	68
1060	36	3	1	2	3	7	0	15
1061	36	4	4	3	1	33	2	92
1062	35	2	12	2	17	222	31	179
1063	35	7	1	3	14	54	12	67
1064	35	6	3	0	16	20	2	11
1065	35	6	2	0	14	77	7	61
1066	35	4	2	4	6	1319	672	592
1067	35	5	2	4	21	3052	32	867
1068	35	3	4	5	43	388	22	414
1069	35	3	6	5	18	29	4	21
1070	35	11	2	8	37	159	48	151
1071	35	5	3	4	24	139	24	173
1072	35	4	1	2	16	89	12	84
1073	35	4	2	5	7	18	6	20
1074	35	5	7	4	17	379	186	233
1075	35	15	1	1	14	51	3	49
1076	35	3	1	0	3	40	7	27
1077	35	2	6	4	31	228	30	195
1078	35	2	9	2	44	170	24	154
1079	35	7	2	3	18	196	16	190
1080	35	28	4	4	4	13	5	17
1081	35	1	2	0	2	57	4	45
1082	35	8	8	0	2	69	10	45
1083	35	6	4	3	51	117	18	120
1084	34	9	12	1	0	60	4	71
1085	34	4	4	0	10	149	21	131
1086	34	11	2	8	10	113	4	87
1087	34	4	5	2	47	177	17	115
1088	34	4	6	0	20	62	21	37
1089	34	1	6	0	16	77	14	75
1090	34	6	16	1	7	7	0	16
1091	34	6	2	2	31	72	27	113
1092	34	8	2	0	1	16	2	6
1093	34	4	0	1	0	28	3	28
1094	34	12	14	9	107	202	95	256
1095	34	9	5	6	122	209	54	165
1096	34	4	0	0	6	4	0	14
1097	34	8	3	5	62	289	46	300
1098	34	5	5	3	16	178	12	141
1099	34	8	0	3	9	39	5	28
1100	34	7	3	0	4	78	36	93
1101	34	8	1	0	11	34	4	27
1102	34	7	9	9	45	274	38	266
1103	34	0	6	1	1	67	11	45
1104	33	4	2	3	49	112	18	77
1105	33	503	8	3	5	13	8	20
1106	33	2	3	4	1	39	7	24
1107	33	7	5	3	2	24	10	28
1108	33	7	5	3	14	400	24	394
1109	33	2	5	0	0	17	0	20
1110	33	3	0	4	0	71	7	55
1111	33	6	9	6	140	361	92	348
1112	33	10	2	1	0	41	8	38
1113	33	10	31	1	1	39	7	29
1114	33	5	0	6	3	8	4	42
1115	33	11	1	0	0	43	3	28
1116	33	4	0	1	17	90	11	87
1117	33	5	2	1	0	25	1	9
1118	33	10	10	6	29	28	6	40
1119	33	2	3	0	0	48	8	28
1120	33	1	1	0	0	36	6	23
1121	33	7	2	0	7	78	6	55
1122	33	0	1	0	0	25	1	33
1123	33	1	3	4	11	74	10	58
1124	33	5	0	0	10	89	12	95
1125	33	9	9	4	2	133	19	83
1126	33	1	1	1	12	44	5	30
1127	33	6	4	0	19	85	12	127
1128	33	9	5	1	8	28	4	10
1129	33	2	2	0	0	32	7	19
1130	32	1	0	0	0	12	4	23
1131	32	16	11	2	115	230	45	212
1132	32	4	5	1	9	56	7	39
1133	32	5	5	1	97	326	63	260
1134	32	4	0	2	4	20	6	15
1135	32	2	6	0	22	191	21	151
1136	32	26	23	71	20	25	5	12
1137	32	7	11	1	28	320	20	249
1138	32	9	1	0	5	38	4	23
1139	32	19	3	1	13	48	6	67
1140	32	13	3	3	28	200	24	178
1141	32	1	2	1	2	20	7	8
1142	32	0	41	1	23	107	3	89
1143	32	4	4	0	23	177	17	151
1144	32	3	5	2	8	128	31	103
1145	32	6	3	0	10	19	2	14
1146	32	9	5	2	6	134	13	180
1147	32	8	10	6	76	325	27	343
1148	32	9	2	0	4	50	3	55
1149	32	4	5	1	9	128	24	132
1150	32	8	3	0	2	61	15	53
1151	32	5	5	0	40	220	15	171
1152	32	2	9	0	0	18	6	10
1153	32	9	7	5	80	108	35	119
1154	32	3	2	0	1	4	0	10
1155	32	8	3	1	89	95	8	44
1156	32	4	4	0	38	132	28	127
1157	31	4	4	0	14	51	11	24
1158	31	9	0	13	14	124	15	58
1159	31	7	8	4	121	221	31	220
1160	31	1	0	1	6	50	1	62
1161	31	5	1	2	1	20	4	22
1162	31	6	4	2	2	212	3	298
1163	31	2	7	0	8	80	12	94
1164	31	7	11	2	181	1065	93	780
1165	31	6	9	1	18	142	27	154
1166	31	5	5	4	23	108	15	130
1167	31	3	1	0	0	19	2	11
1168	31	2	6	1	82	248	22	144
1169	31	4	12	2	9	35	11	27
1170	31	2	2	0	34	191	25	160
1171	31	2	5	4	34	142	22	150
1172	31	5	4	0	4	188	119	80
1173	31	2	2	1	29	130	24	126
1174	31	0	0	1	1	98	1	76
1175	31	3	6	1	6	132	18	119
1176	31	27	5	2	56	271	29	235
1177	31	9	4	0	31	56	10	76
1178	31	5	4	1	8	77	7	68
1179	31	4	4	0	3	16	3	16
1180	31	0	2	2	15	41	5	36
1181	31	2	2	5	17	158	24	166
1182	30	6	4	1	4	30	7	31
1183	30	1	4	2	10	28	6	27
1184	30	5	4	0	57	106	20	102
1185	30	14	1	2	8	63	16	57
1186	30	15	9	8	159	1204	84	928
1187	30	6	1	1	2	18	4	9
1188	30	2	2	1	32	72	19	81
1189	30	8	2	2	19	156	17	120
1190	30	7	2	3	12	76	9	48
1191	30	11	4	0	61	540	30	748
1192	30	0	0	2	13	56	5	34
1193	30	1	5	0	18	56	30	47
1194	30	3	1	1	0	55	5	32
1195	30	7	3	0	0	9	1	17
1196	30	2	7	2	2	136	17	128
1197	30	5	0	3	6	24	5	24
1198	30	1	5	2	11	123	20	138
1199	30	3	2	1	24	148	16	135
1200	30	6	6	1	110	3099	39	1547
1201	30	3	8	1	3	30	3	31
1202	30	2	0	0	9	40	3	27
1203	30	6	6	4	63	240	30	248
1204	30	14	9	3	123	478	59	378
1205	30	25	0	7	4	15	5	11
1206	30	10	10	4	31	418	33	434
1207	30	3	1	3	45	197	27	157
1208	30	5	2	1	2	103	11	111
1209	29	17	5	4	99	130	27	117
1210	29	3	1	4	3	189	10	141
1211	29	10	3	13	5	146	12	116
1212	29	3	1	3	0	98	4	113
1213	29	2	4	1	10	28	8	20
1214	29	10	10	7	170	534	97	560
1215	29	6	3	1	13	185	25	148
1216	29	1	1	3	9	237	15	228
1217	29	6	10	2	75	416	57	388
1218	29	5	1	2	7	103	20	138
1219	29	7	3	0	4	60	9	119
1220	29	3	1	2	9	69	19	76
1221	29	30	1	6	2	12	6	16
1222	29	3	4	0	0	44	1	27
1223	29	4	0	0	1	24	4	20
1224	29	5	2	0	18	56	6	52
1225	29	3	2	3	15	77	15	94
1226	29	5	3	0	8	41	3	35
1227	29	2	3	3	1	74	4	56
1228	29	3	5	0	3	25	10	27
1229	29	8	13	6	44	365	54	318
1230	29	3	12	1	4	186	91	128
1231	29	4	5	6	24	191	21	136
1232	29	5	3	2	8	74	16	88
1233	29	1	0	1	1	56	7	47
1234	28	0	2	10	0	16	2	10
1235	28	7	6	2	47	120	23	113
1236	28	6	4	0	3	36	14	28
1237	28	6	7	9	12	156	19	175
1238	28	4	4	5	25	205	33	174
1239	28	8	4	7	7	135	19	127
1240	28	4	4	0	6	144	12	108
1241	28	3	1	1	1	20	0	12
1242	28	3	0	0	80	97	9	160
1243	28	7	5	5	32	293	29	189
1244	28	11	12	1	30	234	53	193
1245	28	6	4	3	29	153	26	146
1246	28	12	10	2	86	273	43	261
1247	28	3	0	0	0	15	3	10
1248	28	2	3	0	12	71	1	76
1249	28	6	5	3	43	270	42	273
1250	28	6	4	2	33	162	13	105
1251	28	5	5	1	6	105	11	137
1252	28	3	0	0	1	14	6	20
1253	28	3	2	0	4	43	6	41
1254	28	1	2	1	0	24	3	22
1255	28	5	3	6	12	66	14	66
1256	28	2	1	4	1	28	4	22
1257	28	8	0	2	24	194	17	199
1258	28	13	9	15	102	395	81	432
1259	28	7	16	10	173	623	80	670
1260	28	5	4	2	13	174	14	101
1261	28	4	6	0	4	39	12	51
1262	27	1	1	1	1	11	3	14
1263	27	1	1	0	3	153	15	132
1264	27	8	3	2	20	113	15	124
1265	27	3	2	0	0	15	4	17
1266	27	2	5	0	33	281	47	270
1267	27	5	1	3	33	71	14	65
1268	27	1	6	0	4	98	14	84
1269	27	19	6	6	35	366	39	283
1270	27	6	6	6	13	169	19	139
1271	27	22	3	11	20	297	35	352
1272	27	2	1	2	19	450	12	282
1273	27	3	4	0	0	17	2	17
1274	27	2	4	0	4	41	4	34
1275	27	4	1	0	10	52	8	56
1276	27	9	6	0	38	240	36	243
1277	27	11	18	3	102	164	59	172
1278	27	3	0	5	17	172	28	187
1279	27	4	4	6	6	114	12	107
1280	27	12	1	3	14	329	28	238
1281	27	3	5	3	49	334	27	280
1282	27	1	5	1	2	26	6	30
1283	27	10	0	6	10	36	13	45
1284	26	4	5	3	14	192	21	172
1285	26	0	1	0	0	17	10	21
1286	26	4	4	2	3	105	20	56
1287	26	7	27	0	15	215	5	167
1288	26	1	1	1	1	33	8	61
1289	26	1	2	0	13	109	20	105
1290	26	1	1	1	8	37	2	43
1291	26	6	3	1	19	414	28	422
1292	26	10	6	3	48	331	39	313
1293	26	7	1	0	0	18	2	13
1294	26	2	3	4	0	14	2	21
1295	26	4	2	3	3	85	11	80
1296	26	10	4	0	51	205	24	155
1297	26	1	5	1	2	17	9	10
1298	26	0	3	0	1	14	2	29
1299	26	3	3	0	2	29	6	18
1300	26	8	5	6	8	158	12	135
1301	26	9	5	3	24	238	19	132
1302	26	1	0	0	10	8	0	9
1303	26	10	3	0	22	136	18	146
1304	26	4	3	0	28	175	18	153
1305	26	6	11	0	9	114	20	102
1306	26	2	2	1	3	156	5	136
1307	26	6	1	1	8	36	9	23
1308	25	9	10	1	3	54	18	72
1309	25	2	4	1	10	114	14	122
1310	25	3	5	1	9	141	16	109
1311	25	5	2	1	9	32	12	54
1312	25	3	2	1	2	26	12	18
1313	25	3	2	4	0	16	3	15
1314	25	3	16	0	2	29	6	10
1315	25	3	1	6	29	179	15	149
1316	25	6	5	8	42	136	16	97
1317	25	3	2	0	3	32	2	31
1318	25	2	0	1	12	42	5	28
1319	25	14	4	3	43	314	30	218
1320	25	4	9	1	20	11	5	11
1321	25	6	3	1	6	135	40	92
1322	25	3	8	1	16	12	7	28
1323	25	4	1	0	27	103	15	76
1324	25	16	3	0	1	21	1	29
1325	25	3	2	3	5	191	12	215
1326	25	8	7	3	18	317	28	251
1327	25	4	4	0	0	14	1	17
1328	25	3	5	3	17	83	7	73
1329	25	15	2	2	33	140	14	110
1330	25	0	1	5	9	99	25	127
1331	25	2	4	0	20	95	23	96
1332	25	1	1	3	0	12	3	19
1333	25	3	3	2	4	18	0	13
1334	25	1	3	1	0	27	3	30
1335	24	1	1	0	0	79	8	53
1336	24	3	1	0	8	29	7	27
1337	24	5	2	0	2	78	8	77
1338	24	5	2	1	4	24	6	41
1339	24	5	2	0	18	1987	19	972
1340	24	2	4	0	11	28	5	23
1341	24	1	4	0	7	31	4	21
1342	24	7	1	2	0	20	3	16
1343	24	2	2	2	16	62	6	74
1344	24	5	9	6	24	140	12	152
1345	24	1	3	2	1	86	9	42
1346	24	4	9	1	7	47	12	38
1347	24	3	2	1	8	66	14	44
1348	24	6	0	2	0	24	1	22
1349	24	13	4	2	39	145	27	137
1350	24	5	7	2	1041	1164	133	488
1351	24	0	0	1	41	69	10	98
1352	24	2	0	1	0	39	3	44
1353	24	4	2	2	0	44	3	19
1354	24	6	2	3	25	183	18	179
1355	24	9	3	3	12	20	4	11
1356	24	1	5	0	32	124	14	153
1357	24	8	6	5	25	143	18	108
1358	24	3	2	2	20	43	10	24
1359	24	10	3	4	78	297	25	249
1360	24	11	4	0	1	34	7	19
1361	23	2	2	0	0	8	2	7
1362	23	0	0	1	11	14	3	22
1363	23	4	6	6	41	194	21	422
1364	23	5	3	2	12	67	16	77
1365	23	2	4	2	48	220	26	180
1366	23	3	7	4	20	313	30	241
1367	23	8	10	2	7	123	8	107
1368	23	5	0	2	4	25	4	27
1369	23	1	1	0	2	50	3	43
1370	23	9	3	4	31	61	16	66
1371	23	3	1	0	1	14	2	24
1372	23	4	1	3	3	72	28	71
1373	23	7	1	3	36	155	22	114
1374	23	7	1	0	34	58	8	35
1375	23	1	1	1	8	67	10	50
1376	23	1	3	2	1	61	5	51
1377	23	0	4	0	2	13	2	5
1378	23	5	5	3	16	83	7	65
1379	23	6	19	0	24	60	5	69
1380	23	3	5	4	49	368	21	368
1381	23	7	1	7	0	23	2	13
1382	23	10	0	3	12	15	3	23
1383	23	1	4	0	3	19	4	16
1384	23	3	1	1	3	25	2	31
1385	22	9	7	2	21	412	31	295
1386	22	8	5	4	7	9	5	12
1387	22	7	4	2	7	155	16	177
1388	22	14	11	2	35	266	69	219
1389	22	6	6	2	25	118	16	102
1390	22	5	2	1	28	143	23	106
1391	22	5	1	0	0	30	9	31
1392	22	1	7	2	5	164	23	114
1393	22	6	10	0	1	12	12	26
1394	22	4	5	3	10	5	0	18
1395	22	10	4	4	346	608	69	292
1396	22	5	0	0	0	53	18	50
1397	22	3	0	0	0	39	2	28
1398	22	5	2	2	0	10	9	38
1399	22	8	2	1	17	147	21	145
1400	22	4	1	0	24	67	5	75
1401	22	13	2	5	9	207	14	106
1402	22	3	3	0	2	44	8	27
1403	22	1	4	4	12	123	18	138
1404	22	9	2	2	23	123	15	95
1405	22	2	2	0	1	66	5	88
1406	22	5	8	0	1	107	31	54
1407	22	0	1	3	0	62	11	47
1408	22	2	6	1	21	178	13	161
1409	22	6	3	2	14	115	11	86
1410	22	1	3	0	23	35	6	22
1411	22	20	6	0	20	249	38	209
1412	22	3	3	2	9	73	10	54
1413	22	5	2	1	3	19	7	22
1414	22	4	7	12	2	12	1	12
1415	22	3	2	0	0	12	1	8
1416	22	2	6	1	10	46	8	55
1417	22	4	2	0	0	48	4	23
1418	22	1	2	0	1	32	7	39
1419	22	5	1	0	8	52	2	42
1420	22	2	5	2	14	856	24	900
1421	22	2	11	1	36	170	19	135
1422	22	3	13	0	2	20	3	13
1423	22	1	1	0	3	50	15	25
1424	22	4	3	2	28	153	10	153
1425	21	3	3	1	24	63	13	82
1426	21	5	7	5	569	777	31	271
1427	21	2	8	0	0	29	9	51
1428	21	0	3	0	0	20	6	23
1429	21	1	14	1	0	29	2	18
1430	21	2	2	2	4	35	6	38
1431	21	6	1	0	8	93	5	100
1432	21	7	3	0	1	93	17	94
1433	21	4	6	1	59	862	43	642
1434	21	6	6	4	18	151	19	130
1435	21	3	1	0	23	130	12	95
1436	21	2	0	5	2	48	7	32
1437	21	0	0	2	0	2	0	7
1438	21	2	10	0	4	18	17	21
1439	21	5	1	0	0	19	8	12
1440	21	6	1	8	18	25	5	52
1441	21	4	1	0	36	100	14	109
1442	21	1	5	7	37	224	13	161
1443	21	0	0	0	10	39	4	40
1444	21	6	1	1	0	17	19	23
1445	21	3	6	0	29	86	12	51
1446	21	2	10	5	9	140	16	123
1447	21	1	5	3	8	41	10	57
1448	21	3	3	1	31	115	25	153
1449	21	1	0	1	5	42	7	48
1450	21	3	2	2	15	114	12	124
1451	21	10	3	3	2	35	8	34
1452	21	34	3	4	54	188	25	145
1453	21	1	1	3	46	117	59	110
1454	21	2	2	2	9	129	24	132
1455	21	9	4	4	34	240	20	250
1456	21	4	11	0	13	60	5	31
1457	21	3	0	0	8	29	2	30
1458	20	1	3	2	28	117	17	104
1459	20	4	1	2	14	47	3	48
1460	20	5	5	0	17	135	24	111
1461	20	2	4	1	3	223	13	136
1462	20	7	1	3	48	173	22	165
1463	20	1	4	4	0	13	5	14
1464	20	3	1	0	18	141	7	103
1465	20	6	3	0	24	283	36	281
1466	20	2	6	1	4	63	13	62
1467	20	7	3	2	6	84	10	100
1468	20	2	3	2	6	265	23	230
1469	20	4	1	1	14	53	17	33
1470	20	4	4	1	1	40	10	39
1471	20	3	1	0	16	40	7	27
1472	20	3	6	2	11	70	31	53
1473	20	7	2	0	1	143	21	87
1474	20	2	2	3	34	110	16	73
1475	20	1	3	2	12	105	13	91
1476	20	5	4	0	1	17	4	21
1477	20	3	1	0	0	13	2	18
1478	20	5	5	0	16	57	15	77
1479	20	6	1	2	32	136	15	112
1480	20	7	3	0	10	52	3	17
1481	20	0	2	1	1	27	1	167
1482	20	3	4	3	19	185	17	213
1483	20	4	0	0	5	5	1	7
1484	20	3	2	0	11	35	5	44
1485	20	1	2	9	28	141	14	124
1486	20	0	1	3	9	21	4	13
1487	20	17	5	2	36	133	28	134
1488	20	9	0	3	6	39	2	33
1489	20	4	1	1	0	19	6	30
1490	19	5	1	0	1	35	2	44
1491	19	2	1	0	10	34	3	16
1492	19	6	4	3	64	114	28	92
1493	19	6	2	1	10	177	13	152
1494	19	4	3	2	7	91	5	71
1495	19	12	3	3	48	139	18	137
1496	19	2	5	0	10	64	7	51
1497	19	3	4	2	27	151	22	148
1498	19	5	3	3	4	113	8	84
1499	19	3	4	1	1	60	12	47
1500	19	4	2	2	1	34	5	23
1501	19	3	4	1	8	104	22	98
1502	19	2	0	1	2	65	7	87
1503	19	3	2	2	5	129	17	112
1504	19	4	2	4	27	69	13	63
1505	19	3	2	3	50	71	38	52
1506	19	15	3	6	41	166	23	152
1507	19	2	3	2	10	42	3	27
1508	19	4	7	0	13	27	5	43
1509	19	7	4	0	0	11	1	10
1510	19	3	71	1	3	41	12	26
1511	19	3	3	6	9	14	4	23
1512	19	3	2	0	7	117	25	99
1513	19	1	7	3	16	123	23	140
1514	19	2	2	0	12	67	16	70
1515	19	2	1	0	9	39	14	49
1516	19	4	4	4	5	91	13	112
1517	19	5	1	1	11	37	15	32
1518	19	5	3	3	24	346	12	286
1519	19	4	5	6	38	274	57	217
1520	19	10	9	0	25	46	8	31
1521	19	5	2	0	13	94	19	99
1522	19	6	2	0	31	64	17	51
1523	19	8	2	1	118	203	31	188
1524	19	2	3	0	2	29	3	38
1525	19	2	5	1	49	124	19	130
1526	19	3	8	0	42	167	17	136
1527	19	2	1	1	5	27	6	36
1528	18	9	7	2	5	191	11	194
1529	18	3	1	5	20	17	3	43
1530	18	2	2	0	0	21	5	26
1531	18	4	2	9	6	33	7	26
1532	18	8	3	2	43	223	34	191
1533	18	4	1	1	2	39	3	62
1534	18	2	6	5	0	19	9	24
1535	18	1	1	2	4	6	0	12
1536	18	6	5	3	1	23	1	22
1537	18	2	2	1	18	93	16	72
1538	18	2	3	0	24	107	8	107
1539	18	2	2	1	2	940	17	804
1540	18	3	0	1	15	42	16	42
1541	18	1	5	0	14	144	24	139
1542	18	5	3	1	10	56	15	72
1543	18	11	7	0	17	75	34	34
1544	18	4	1	0	5	21	4	7
1545	18	1	4	0	23	29	5	27
1546	18	6	1	0	14	33	3	50
1547	18	12	3	2	12	129	26	129
1548	18	4	1	0	1	21	3	16
1549	18	2	1	1	23	51	32	72
1550	18	3	4	3	15	79	17	62
1551	18	2	7	5	37	428	27	394
1552	18	3	0	1	11	88	3	75
1553	18	5	2	2	9	109	15	76
1554	18	1	0	4	6	55	4	54
1555	18	2	3	1	5	91	18	78
1556	18	6	2	2	6	37	6	56
1557	18	10	3	0	26	111	10	82
1558	18	1	9	0	1	61	15	47
1559	17	7	0	0	2	22	1	17
1560	17	3	3	0	3	13	5	14
1561	17	1	7	1	15	42	1	37
1562	17	4	2	1	21	58	14	69
1563	17	1	3	0	0	18	3	32
1564	17	1	1	0	6	42	8	48
1565	17	0	0	0	2	24	0	20
1566	17	1	2	0	22	37	6	25
1567	17	6	0	0	0	25	1	15
1568	17	4	9	0	15	115	8	114
1569	17	8	3	0	19	55	6	110
1570	17	4	2	0	28	105	12	100
1571	17	2	7	0	7	45	5	20
1572	17	8	4	4	6	101	9	79
1573	17	10	9	2	61	573	39	486
1574	17	8	36	0	1	22	12	19
1575	17	2	0	2	0	15	2	20
1576	17	0	0	1	0	33	1	37
1577	17	10	0	3	6	47	9	58
1578	17	5	2	1	5	146	7	114
1579	17	0	0	0	0	5	1	5
1580	17	2	0	0	20	63	7	66
1581	17	0	5	2	7	36	7	44
1582	17	0	4	1	0	35	6	24
1583	17	1	1	0	9	50	15	37
1584	17	3	10	3	36	231	16	243
1585	17	1	7	2	70	218	59	198
1586	17	1	3	5	49	114	28	115
1587	17	4	4	0	38	251	34	200
1588	17	1	3	2	1	46	7	37
1589	17	1	1	0	1	43	4	23
1590	17	6	1	1	13	37	6	51
1591	17	4	6	1	9	109	15	70
1592	17	0	5	4	23	126	14	113
1593	17	4	8	0	4	21	4	14
1594	17	4	0	2	0	12	1	10
1595	17	9	12	2	100	510	108	529
1596	17	12	1	10	3	23	4	24
1597	17	3	4	0	40	144	31	132
1598	17	3	0	1	2	25	3	13
1599	17	2	6	1	12	134	32	128
1600	16	5	2	2	19	267	28	247
1601	16	3	2	0	9	332	52	1423
1602	16	0	2	3	5	15	2	31
1603	16	1	8	0	0	38	3	10
1604	16	3	1	1	13	46	17	69
1605	16	5	5	3	24	118	13	118
1606	16	2	7	0	4	26	3	9
1607	16	4	2	0	18	14	1	27
1608	16	7	1	3	10	127	16	104
1609	16	1	0	0	7	126	3	71
1610	16	2	1	0	24	87	6	83
1611	16	2	2	7	21	77	2	50
1612	16	1	2	2	6	69	10	55
1613	16	7	0	1	24	14	3	9
1614	16	1	3	0	6	56	13	59
1615	16	3	1	0	0	78	8	61
1616	16	1	4	1	1	9	4	10
1617	16	1	0	0	1	9	4	30
1618	16	4	0	2	7	49	6	68
1619	16	6	5	0	0	15	15	24
1620	16	1	1	1	18	90	20	104
1621	16	1	3	1	5	23	11	37
1622	16	3	0	2	0	44	5	52
1623	16	5	1	0	5	26	10	37
1624	16	0	2	1	17	19	6	28
1625	16	3	1	0	5	56	8	36
1626	16	2	2	0	22	97	15	220
1627	16	3	1	0	14	20	3	11
1628	16	2	8	0	18	47	6	44
1629	16	3	0	4	13	54	8	50
1630	16	2	3	0	4	47	0	34
1631	16	4	2	0	4	50	13	62
1632	16	1	4	1	10	169	7	150
1633	16	7	1	0	0	33	4	27
1634	16	7	1	1	19	120	12	88
1635	16	2	1	2	10	64	27	41
1636	16	6	1	0	20	58	6	49
1637	16	3	8	0	8	22	7	15
1638	16	0	1	0	7	1	1	2
1639	16	3	3	6	0	26	1	23
1640	16	9	6	4	159	670	48	543
1641	15	6	2	1	21	139	11	178
1642	15	2	0	1	3	14	0	16
1643	15	7	5	2	56	306	54	222
1644	15	0	1	1	6	45	1	27
1645	15	5	1	5	16	33	17	41
1646	15	5	0	4	3	41	3	27
1647	15	1	3	0	2	126	9	126
1648	15	2	2	3	36	102	9	91
1649	15	6	4	0	41	287	34	296
1650	15	3	0	1	7	94	15	86
1651	15	6	1	0	0	22	4	21
1652	15	0	0	0	11	76	4	76
1653	15	2	1	0	0	3	1	1
1654	15	3	0	0	3	507	6	2536
1655	15	2	3	1	32	314	22	282
1656	15	2	1	0	6	31	11	14
1657	15	15	4	3	15	669	9	1261
1658	15	0	0	0	0	1	0	0
1659	15	0	1	0	11	43	4	38
1660	15	2	1	0	23	65	6	46
1661	15	3	0	1	4	44	2	46
1662	15	3	0	0	7	100	19	94
1663	15	0	2	0	16	54	4	41
1664	15	2	0	0	4	61	13	73
1665	15	2	0	1	1	16	5	22
1666	15	3	1	0	18	42	16	47
1667	15	3	2	0	11	44	5	38
1668	15	7	2	2	5	34	5	26
1669	15	1	0	0	10	15	7	27
1670	15	5	0	0	3	34	3	15
1671	15	1	1	4	16	92	17	77
1672	14	2	1	1	6	38	12	51
1673	14	4	0	3	13	109	16	98
1674	14	4	5	1	23	306	33	307
1675	14	1	3	1	0	24	8	25
1676	14	2	3	3	5	46	10	53
1677	14	2	0	1	0	25	3	28
1678	14	4	2	0	16	332	28	207
1679	14	2	0	0	2	60	8	48
1680	14	0	3	0	26	20	1	19
1681	14	4	0	0	10	63	7	84
1682	14	0	1	0	20	18	8	33
1683	14	5	2	0	0	19	0	12
1684	14	5	7	6	16	123	19	101
1685	14	2	2	0	0	16	0	12
1686	14	3	4	0	2	28	4	25
1687	14	3	4	0	21	170	19	129
1688	14	2	0	1	3	51	4	41
1689	14	1	0	1	0	42	8	31
1690	14	4	3	1	16	114	14	70
1691	14	8	5	9	4	13	0	12
1692	14	0	0	1	2	93	12	73
1693	14	3	4	1	14	82	20	102
1694	14	1	2	0	0	32	3	22
1695	14	4	2	0	13	68	11	56
1696	14	0	0	0	12	47	12	30
1697	14	1	4	0	4	82	8	41
1698	14	3	0	0	1	25	4	31
1699	14	0	4	0	5	22	5	33
1700	14	2	2	1	2	58	7	40
1701	14	10	3	0	6	31	10	29
1702	14	2	2	0	7	14	5	15
1703	14	1	1	0	10	60	11	40
1704	14	6	0	0	14	62	21	42
1705	14	1	1	0	4	28	2	25
1706	14	4	2	0	10	56	11	54
1707	14	2	2	2	16	141	21	114
1708	14	2	1	0	3	64	3	56
1709	14	0	1	0	3	77	4	46
1710	14	3	2	0	12	62	4	50
1711	13	3	1	0	14	42	0	34
1712	13	3	3	0	10	61	9	55
1713	13	5	1	0	35	58	10	55
1714	13	4	0	3	3	66	9	40
1715	13	5	4	0	17	34	10	49
1716	13	0	2	0	0	19	3	28
1717	13	3	1	2	1	31	2	10
1718	13	4	4	0	8	58	13	41
1719	13	0	0	2	0	12	2	15
1720	13	5	7	0	43	227	19	188
1721	13	1	3	0	3	24	5	25
1722	13	2	0	0	26	47	11	35
1723	13	0	1	2	11	27	4	34
1724	13	2	2	4	4	35	2	8
1725	13	3	0	29	7	25	2	10
1726	13	4	3	0	21	270	22	258
1727	13	0	0	0	0	19	1	14
1728	13	4	3	0	1	53	18	42
1729	13	1	0	0	22	183	8	199
1730	13	4	0	1	4	75	9	83
1731	13	3	0	0	15	16	1	16
1732	13	3	2	0	2	16	1	20
1733	13	2	2	1	1	6	1	11
1734	13	0	1	2	9	25	14	43
1735	13	1	1	0	4	53	4	33
1736	13	0	4	0	19	25	8	38
1737	13	5	2	2	9	188	8	137
1738	13	2	2	1	1	35	8	24
1739	13	1	3	1	0	114	75	85
1740	13	1	0	0	0	13	3	12
1741	13	2	2	1	6	23	1	28
1742	13	4	16	0	1	29	7	34
1743	13	2	3	0	0	19	1	7
1744	13	2	6	1	10	68	23	79
1745	13	2	0	2	3	73	9	70
1746	13	2	1	0	15	28	5	40
1747	13	1	0	0	0	31	6	42
1748	13	2	0	1	1	47	4	33
1749	13	2	3	1	24	134	6	143
1750	13	1	2	0	8	2	5	15
1751	13	2	0	0	4	91	15	82
1752	13	0	1	0	2	32	5	46
1753	13	0	1	0	7	33	8	26
1754	13	5	1	0	0	39	7	40
1755	13	0	0	1	2	8	6	13
1756	13	2	0	0	0	13	2	6
1757	12	0	0	0	13	34	5	36
1758	12	3	2	0	7	20	5	18
1759	12	2	0	4	0	121	50	61
1760	12	3	5	3	37	109	8	96
1761	12	10	6	1	31	311	36	446
1762	12	0	4	1	0	24	1	18
1763	12	1	2	3	4	28	4	23
1764	12	1	1	0	0	11	2	13
1765	12	7	0	0	25	22	4	48
1766	12	2	1	0	0	45	3	27
1767	12	2	0	0	1	14	1	14
1768	12	1	1	0	2	19	2	22
1769	12	5	3	0	11	101	23	97
1770	12	3	3	1	8	70	370	91
1771	12	2	8	2	34	100	24	96
1772	12	13	0	5	9	6	1	14
1773	12	0	5	0	5	37	1	27
1774	12	5	0	0	17	44	5	53
1775	12	0	3	1	17	124	15	121
1776	12	1	0	0	19	40	2	27
1777	12	7	1	3	49	151	29	122
1778	12	0	1	1	4	149	5	117
1779	12	4	3	0	2	29	4	10
1780	12	5	3	0	35	94	20	97
1781	12	0	1	0	0	21	6	11
1782	12	2	0	0	1	19	0	16
1783	12	3	8	3	47	149	38	107
1784	12	3	0	0	6	34	5	15
1785	12	1	0	1	9	49	5	47
1786	12	1	3	0	0	123	54	83
1787	12	5	0	0	2	67	4	59
1788	12	1	0	0	11	104	18	130
1789	12	1	1	2	2	52	8	42
1790	12	0	0	0	1	15	0	21
1791	12	1	0	1	19	60	13	59
1792	12	2	6	0	1	29	4	28
1793	12	4	1	0	2	54	7	53
1794	12	2	0	0	0	40	4	26
1795	12	3	5	1	10	67	5	57
1796	12	1	0	0	7	146	8	159
1797	12	0	3	0	14	71	9	60
1798	12	6	0	1	8	151	14	230
1799	12	11	4	6	46	196	30	171
1800	12	1	6	0	6	114	11	98
1801	12	2	4	0	6	9	1	37
1802	12	3	1	0	2	54	10	33
1803	11	5	0	0	12	167	11	130
1804	11	6	0	1	27	25	10	32
1805	11	0	1	1	1	25	7	37
1806	11	2	0	0	2	80	6	69
1807	11	2	4	0	1	30	19	39
1808	11	1	1	0	0	107	1	124
1809	11	1	4	0	2	47	8	36
1810	11	1	1	0	0	23	2	35
1811	11	3	0	1	0	3	1	7
1812	11	1	2	0	0	31	6	27
1813	11	6	0	0	19	90	7	91
1814	11	0	1	0	2	28	0	25
1815	11	1	1	2	5	23	4	24
1816	11	3	6	1	16	199	13	212
1817	11	3	0	0	2	9	4	8
1818	11	3	2	1	0	110	4	144
1819	11	5	2	0	11	199	9	292
1820	11	1	0	0	5	9	2	8
1821	11	2	1	1	8	138	16	159
1822	11	2	3	0	9	50	7	37
1823	11	1	0	1	0	19	3	23
1824	11	6	0	0	0	15	0	33
1825	11	1	0	0	0	41	6	35
1826	11	4	2	4	28	23	10	25
1827	11	3	2	1	4	27	6	19
1828	11	0	0	2	26	110	12	92
1829	11	3	0	0	9	105	18	80
1830	11	10	0	0	1	25	8	29
1831	11	13	0	0	0	18	23	34
1832	11	1	3	1	17	52	12	42
1833	11	0	1	1	6	15	6	27
1834	11	2	0	1	7	312	5	393
1835	11	1	1	0	69	126	31	121
1836	11	3	0	0	26	48	8	61
1837	11	16	3	1	4	89	8	80
1838	10	0	1	0	6	21	0	28
1839	10	3	0	0	0	28	4	20
1840	10	4	14	0	7	36	6	26
1841	10	0	1	0	1	48	1	28
1842	10	24	1	3	9	39	2	29
1843	10	1	5	2	26	227	17	254
1844	10	3	1	0	5	43	3	35
1845	10	1	5	0	7	39	4	20
1846	10	0	0	0	10	63	27	30
1847	10	3	1	2	16	70	6	51
1848	10	4	1	1	14	67	9	41
1849	10	2	4	6	6	46	6	31
1850	10	0	2	0	2	30	3	42
1851	10	0	1	0	4	31	5	38
1852	10	1	1	0	7	30	5	37
1853	10	1	0	0	4	31	9	25
1854	10	0	0	0	3	5	1	17
1855	10	0	0	0	4	14	2	14
1856	10	2	1	0	11	51	6	40
1857	10	2	2	0	16	47	6	37
1858	10	4	2	0	2	34	3	23
1859	10	1	0	0	7	36	2	16
1860	10	3	1	2	14	151	11	98
1861	10	0	0	0	1	20	3	14
1862	10	12	2	3	38	221	19	200
1863	10	3	2	0	12	25	1	34
1864	10	0	1	0	6	21	4	46
1865	10	6	0	1	53	81	11	49
1866	10	3	2	1	0	64	18	68
1867	10	2	0	2	1	23	1	22
1868	10	0	1	0	1	76	9	61
1869	10	2	0	0	0	22	1	6
1870	10	1	3	0	17	139	13	128
1871	10	2	1	2	0	14	2	22
1872	10	3	2	0	4	18	7	18
1873	10	7	3	0	34	68	27	38
1874	10	2	1	0	6	65	5	68
1875	10	0	0	0	0	16	0	8
1876	10	2	6	4	39	81	9	72
1877	10	5	9	1	29	288	17	227
1878	10	2	2	0	8	63	3	31
1879	10	2	0	0	0	48	1	22
1880	10	0	0	3	60	53	26	63
1881	10	0	1	1	2	24	7	40
1882	10	2	0	1	43	84	16	63
1883	10	0	0	1	13	22	6	20
1884	10	8	3	2	4	43	4	40
1885	10	1	0	1	1	26	1	26
1886	10	0	5	1	20	87	22	97
1887	10	3	0	1	0	10	0	1
1888	10	7	1	0	0	29	5	19
1889	9	2	3	0	21	117	10	126
1890	9	0	2	0	11	117	7	79
1891	9	1	3	0	8	94	3	78
1892	9	0	1	0	0	22	1	14
1893	9	1	2	0	18	69	7	60
1894	9	1	4	0	2	97	16	45
1895	9	0	1	0	0	14	0	11
1896	9	0	1	0	12	37	9	12
1897	9	2	0	0	0	24	2	39
1898	9	1	1	0	3	97	10	86
1899	9	0	0	0	8	15	1	16
1900	9	0	0	0	0	32	0	24
1901	9	4	0	3	41	113	13	93
1902	9	0	2	0	4	62	15	51
1903	9	2	1	0	21	73	14	106
1904	9	0	0	0	8	19	7	15
1905	9	3	0	0	0	9	3	20
1906	9	0	4	3	19	362	14	283
1907	9	0	1	3	7	38	5	52
1908	9	0	1	0	0	24	6	23
1909	9	3	1	0	3	22	0	19
1910	9	1	1	0	0	21	5	17
1911	9	10	1	0	0	27	4	25
1912	9	2	0	0	6	15	3	10
1913	9	2	6	1	25	126	21	105
1914	9	2	5	0	0	15	2	14
1915	9	0	1	0	0	2	1	6
1916	9	1	1	1	17	91	8	48
1917	9	3	1	0	0	34	6	27
1918	9	0	0	0	1	55	5	45
1919	9	5	4	4	9	90	9	70
1920	9	0	2	2	0	30	7	37
1921	9	2	1	0	2	28	3	25
1922	9	3	2	1	21	88	10	67
1923	9	1	3	0	5	20	2	26
1924	9	2	1	0	15	66	4	64
1925	9	1	5	2	29	78	21	85
1926	9	0	0	0	9	4	3	18
1927	9	0	2	0	0	35	7	23
1928	9	6	1	1	59	116	35	84
1929	9	0	1	0	3	35	2	27
1930	9	0	2	0	1	10	4	22
1931	9	2	2	0	0	17	5	12
1932	9	3	0	0	0	6	2	11
1933	9	0	0	0	2	38	1	33
1934	9	3	2	4	28	183	14	168
1935	9	4	0	0	4	14	2	20
1936	9	5	0	0	0	5	0	10
1937	9	2	1	1	4	112	8	81
1938	9	2	2	1	3	42	4	22
1939	9	4	4	1	0	41	11	50
1940	9	0	2	0	11	85	14	54
1941	9	2	6	0	11	115	8	77
1942	8	1	6	0	44	187	21	126
1943	8	0	0	0	5	15	11	10
1944	8	2	2	1	0	23	0	28
1945	8	0	1	0	20	61	11	81
1946	8	6	0	3	1	28	6	17
1947	8	0	0	0	0	0	0	0
1948	8	9	6	4	0	14	7	13
1949	8	5	0	1	3	129	15	109
1950	8	0	3	0	16	71	7	73
1951	8	0	2	0	3	36	3	26
1952	8	3	3	0	21	101	20	75
1953	8	0	2	0	0	23	4	30
1954	8	3	2	0	11	52	7	37
1955	8	0	0	0	0	7	1	6
1956	8	0	0	0	4	67	9	62
1957	8	0	1	2	0	36	1	22
1958	8	1	1	0	3	105	3	71
1959	8	0	1	0	13	3	2	9
1960	8	0	0	6	5	39	5	31
1961	8	3	0	2	4	252	9	145
1962	8	2	1	1	10	32	5	41
1963	8	1	1	0	1	18	2	16
1964	8	4	2	2	2	77	12	46
1965	8	1	0	2	2	36	1	27
1966	8	2	0	1	16	43	4	46
1967	8	6	6	2	15	30	11	40
1968	8	2	0	3	17	137	9	170
1969	8	0	3	0	7	29	3	24
1970	8	3	1	0	0	13	0	7
1971	8	1	1	0	0	6	0	3
1972	8	4	0	0	11	80	4	63
1973	8	2	2	0	1	132	12	82
1974	8	1	0	2	12	18	0	16
1975	8	5	1	3	48	35	13	39
1976	8	1	1	0	10	77	2	33
1977	8	0	0	0	19	14	6	18
1978	8	2	1	0	2	13	6	12
1979	8	2	1	1	38	134	14	212
1980	8	0	1	0	6	50	7	37
1981	8	4	1	1	14	163	13	181
1982	8	6	0	0	16	73	9	58
1983	8	0	0	0	0	0	0	0
1984	8	3	1	0	1	7	4	14
1985	8	1	2	0	0	32	16	29
1986	8	0	1	0	1	12	2	13
1987	8	6	1	1	10	56	5	82
1988	8	1	1	0	5	69	16	68
1989	8	8	2	0	0	2231	1	1267
1990	8	2	1	4	0	79	35	58
1991	8	1	1	1	6	40	5	25
1992	8	1	1	1	12	24	15	28
1993	8	0	0	0	1	70	53	54
1994	8	0	0	0	9	24	4	29
1995	8	5	2	1	19	135	11	90
1996	7	0	0	0	1	4	0	8
1997	7	3	0	0	6	35	1	11
1998	7	0	0	0	0	10	5	13
1999	7	0	1	0	12	41	20	54
2000	7	0	7	0	1	9	9	14
2001	7	0	0	0	3	39	11	56
2002	7	3	7	0	0	8	1	16
2003	7	0	3	0	3	42	7	43
2004	7	0	2	1	11	56	4	46
2005	7	2	5	0	30	86	14	76
2006	7	5	1	0	21	52	16	39
2007	7	0	0	0	0	0	0	0
2008	7	1	0	1	2	22	1	22
2009	7	1	0	0	4	54	3	26
2010	7	3	2	0	1	49	4	47
2011	7	1	1	1	24	78	11	55
2012	7	1	1	0	1	45	7	25
2013	7	2	0	3	4	46	7	40
2014	7	2	6	0	10	97	27	86
2015	7	0	1	0	3	31	1	21
2016	7	0	4	1	0	840	435	344
2017	7	0	0	1	3	51	3	35
2018	7	0	0	0	3	6	0	12
2019	7	1	0	0	4	3	1	5
2020	7	1	3	0	8	13	5	5
2021	7	1	0	0	0	11	1	4
2022	7	0	1	0	3	235	1	133
2023	7	0	0	0	3	11	1	5
2024	7	1	3	0	19	28	6	14
2025	7	4	0	1	0	4	1	5
2026	7	2	0	1	5	25	6	28
2027	7	0	0	1	10	43	9	37
2028	7	0	1	0	9	24	8	29
2029	7	0	0	0	10	32	2	26
2030	7	2	0	0	6	36	2	21
2031	7	0	0	0	1	33	3	30
2032	7	16	0	1	19	118	10	109
2033	7	0	3	0	6	40	14	20
2034	7	1	0	0	3	144	1	99
2035	7	5	3	2	7	27	21	73
2036	7	0	0	0	2	4	0	11
2037	7	3	0	0	6	52	6	47
2038	7	4	3	0	26	56	8	49
2039	7	0	1	2	1	16	2	19
2040	7	0	0	3	1	14	6	29
2041	7	1	0	1	7	30	2	45
2042	7	1	0	2	6	25	5	25
2043	7	0	0	0	6	11	1	13
2044	7	1	2	1	12	34	6	53
2045	7	1	0	0	3	16	3	28
2046	7	0	3	2	26	24	1	16
2047	7	0	1	2	3	84	5	85
2048	7	0	0	0	4	14	0	10
2049	7	3	0	0	0	5	1	3
2050	7	1	4	0	5	47	11	41
2051	6	2	0	0	1	11	1	11
2052	6	1	0	2	8	32	12	32
2053	6	1	0	0	1	13	3	17
2054	6	3	0	1	1	39	5	28
2055	6	0	0	0	0	0	0	0
2056	6	2	0	0	6	20	1	21
2057	6	1	0	0	0	19	3	10
2058	6	3	3	0	18	54	27	46
2059	6	3	3	0	17	70	16	47
2060	6	5	0	2	1	26	1	27
2061	6	2	0	1	18	72	12	81
2062	6	0	0	0	0	39	6	23
2063	6	2	2	0	9	115	17	96
2064	6	0	0	0	0	14	1	18
2065	6	0	1	0	1	13	3	17
2066	6	1	0	1	25	58	7	59
2067	6	3	1	0	0	19	4	30
2068	6	0	0	0	0	14	2	5
2069	6	0	0	0	0	1	1	3
2070	6	2	2	0	15	43	5	54
2071	6	1	0	0	12	50	8	63
2072	6	0	0	0	0	0	0	0
2073	6	0	0	0	0	115	3	83
2074	6	0	1	0	0	46	13	14
2075	6	0	0	0	0	28	2	21
2076	6	2	3	0	29	119	7	111
2077	6	0	1	1	0	24	5	26
2078	6	0	1	0	13	49	3	56
2079	6	0	0	0	59	112	3	95
2080	6	1	1	0	3	26	8	22
2081	6	2	0	1	11	42	7	31
2082	6	0	2	0	0	59	8	51
2083	6	4	2	0	13	68	4	67
2084	6	1	0	0	1	106	4	62
2085	6	4	3	2	59	933	31	829
2086	6	0	0	0	1	22	2	30
2087	6	1	0	0	4	38	1	28
2088	6	0	1	0	0	39	3	18
2089	6	2	0	0	17	31	4	33
2090	6	1	0	0	8	14	3	22
2091	6	0	0	1	1	10	6	21
2092	5	4	0	1	4	19	5	11
2093	5	0	0	0	0	21	2	14
2094	5	1	5	2	17	14	2	16
2095	5	2	0	0	0	222	4	266
2096	5	3	1	0	7	29	3	35
2097	5	0	0	0	7	13	2	11
2098	5	0	0	0	2	18	4	15
2099	5	2	1	0	12	61	8	91
2100	5	0	1	0	1	10	1	13
2101	5	1	0	0	1	12	1	26
2102	5	2	0	3	0	18	3	17
2103	5	0	1	0	8	17	1	16
2104	5	0	0	0	0	12	0	9
2105	5	1	6	6	64	81	10	62
2106	5	0	0	0	3	22	0	18
2107	5	0	0	0	0	8	0	0
2108	5	1	0	0	0	26	5	24
2109	5	2	0	0	2	3	2	12
2110	5	0	3	0	1	33	5	23
2111	5	0	0	2	1	10	1	8
2112	5	0	0	0	0	8	1	11
2113	5	0	0	0	0	5	0	3
2114	5	0	0	0	1	24	1	18
2115	5	1	0	0	0	6	1	8
2116	5	0	0	3	5	36	4	24
2117	5	1	0	0	0	11	1	20
2118	5	2	0	0	0	11	6	13
2119	5	0	0	0	0	10	0	15
2120	5	0	0	1	4	40	9	26
2121	5	2	2	1	1	23	4	10
2122	5	2	0	0	1	12	4	16
2123	5	0	0	0	0	17	2	9
2124	5	1	2	0	0	11	0	4
2125	5	1	1	9	13	38	6	45
2126	5	1	1	0	9	18	0	13
2127	5	0	0	0	3	29	5	46
2128	5	2	1	0	0	15	0	15
2129	5	2	3	0	0	4	4	8
2130	5	3	9	0	42	24	16	27
2131	5	0	1	0	0	8	7	13
2132	5	1	3	0	0	13	0	16
2133	5	0	0	0	0	21	2	13
2134	5	2	2	1	14	33	8	34
2135	5	0	0	1	4	20	2	17
2136	5	0	2	2	5	24	5	18
2137	5	0	1	0	3	39	6	48
2138	5	1	1	0	3	29	3	27
2139	5	7	5	2	11	43	12	33
2140	5	2	0	0	17	20	0	29
2141	5	1	0	0	0	30	3	21
2142	5	0	2	1	0	34	2	32
2143	5	1	4	0	1	21	2	16
2144	5	1	3	3	38	112	19	116
2145	5	0	1	0	12	10	7	3
2146	5	0	0	0	14	8	2	8
2147	5	1	0	0	2	45	3	35
2148	5	2	4	0	1	31	5	28
2149	5	1	0	1	5	18	4	28
2150	5	0	6	0	1	31	5	23
2151	5	0	1	1	11	28	4	50
2152	5	1	0	0	0	18	0	6
2153	5	1	1	0	0	0	0	1
2154	5	0	1	0	12	21	3	30
2155	5	0	0	0	1	10	4	19
2156	5	3	1	0	3	9	3	11
2157	5	1	1	0	10	62	15	53
2158	5	0	1	0	3	11	3	14
2159	5	0	0	0	0	6	2	15
2160	5	1	3	0	0	32	3	16
2161	5	0	0	0	4	13	1	12
2162	5	0	2	0	1	17	4	15
2163	5	3	0	0	0	23	3	6
2164	5	1	0	3	1	15	2	23
2165	5	2	1	0	0	34	6	28
2166	5	5	2	1	8	73	5	84
2167	5	0	0	0	1	43	4	63
2168	5	1	0	0	0	16	4	17
2169	5	4	2	0	0	27	1	21
2170	5	3	3	0	1	47	5	38
2171	5	1	0	2	10	34	5	9
2172	5	0	0	0	0	8	0	4
2173	4	0	0	3	0	21	1	19
2174	4	1	3	1	0	5	1	6
2175	4	0	0	0	2	7	0	6
2176	4	0	1	0	0	22	0	27
2177	4	1	0	0	0	6	3	13
2178	4	2	1	0	3	31	6	8
2179	4	1	1	0	2	29	4	16
2180	4	0	2	1	8	40	14	36
2181	4	1	0	0	1	10	1	32
2182	4	0	0	0	0	10	0	7
2183	4	2	0	0	7	19	2	4
2184	4	0	3	0	0	4	0	8
2185	4	0	0	0	0	6	4	14
2186	4	7	2	3	42	111	32	132
2187	4	4	0	0	1	20	3	14
2188	4	1	0	0	0	17	1	6
2189	4	2	1	3	14	132	9	160
2190	4	0	0	0	0	17	1	5
2191	4	0	0	0	0	4	7	8
2192	4	5	0	0	12	58	2	70
2193	4	0	0	0	2	13	8	11
2194	4	0	1	3	0	12	0	9
2195	4	0	0	2	11	12	1	18
2196	4	0	1	2	0	13	2	9
2197	4	1	0	1	1	142	3	107
2198	4	0	1	2	12	39	1	19
2199	4	1	0	2	1	21	8	11
2200	4	0	2	0	7	18	20	23
2201	4	0	0	0	8	14	3	5
2202	4	1	0	0	2	27	6	30
2203	4	2	0	1	25	80	5	66
2204	4	1	0	1	2	43	10	37
2205	4	1	1	0	6	47	5	41
2206	4	1	0	1	5	9	1	14
2207	4	0	0	1	0	3	0	4
2208	4	0	0	1	3	50	2	27
2209	4	2	1	0	0	17	1	19
2210	4	1	2	1	20	94	7	96
2211	4	0	2	1	0	38	6	26
2212	4	0	0	0	0	37	4	26
2213	4	0	0	1	7	38	4	30
2214	4	2	0	1	1	24	3	32
2215	4	1	0	0	10	12	7	17
2216	4	0	2	0	3	31	3	36
2217	4	1338	0	1	3	19	4	825
2218	4	1	0	0	2	18	4	10
2219	4	3	0	0	2	20	4	30
2220	4	0	0	0	6	13	2	16
2221	4	0	0	0	0	25	2	23
2222	4	0	1	1	0	19	3	10
2223	4	0	0	0	0	0	0	0
2224	4	0	0	0	0	38	7	13
2225	4	1	0	0	0	23	6	27
2226	4	1	0	0	1	27	68	25
2227	4	0	1	1	2	17	3	19
2228	4	0	1	0	0	12	2	7
2229	4	1	0	1	1	10	3	3
2230	4	1	3	0	3	286	6	275
2231	4	0	0	1	5	25	3	15
2232	4	2	0	1	0	45	3	42
2233	4	2	3	0	7	51	8	46
2234	4	4	2	1	13	120	8	90
2235	4	0	0	0	1	967	7	794
2236	4	0	3	0	2	35	7	28
2237	4	1	0	0	2	27	3	5
2238	4	2	0	0	2	7	1	7
2239	4	1	2	0	1	13	1	16
2240	4	0	0	2	0	32	18	15
2241	4	2	2	0	1	25	3	29
2242	4	0	0	0	0	6	0	7
2243	4	3	0	0	0	0	1	7
2244	4	0	0	0	0	16	2	14
2245	4	1	0	0	3	61	8	52
2246	4	0	0	0	15	17	8	35
2247	4	0	0	0	16	26	2	26
2248	4	0	2	0	0	13	3	7
2249	4	2	1	0	0	1	0	1
2250	4	1	0	0	4	6	0	18
2251	4	1	0	0	0	14	0	6
2252	4	0	5	0	1	21	10	30
2253	4	0	2	0	8	73	10	40
2254	4	1	1	0	0	5	1	2
2255	4	1	0	0	2	5	3	6
2256	4	0	0	0	1	31	5	15
2257	4	1	0	0	0	55	3	47
2258	4	1	2	0	3	10	1	18
2259	4	0	1	0	10	16	8	10
2260	4	0	4	0	25	12	5	39
2261	3	0	0	0	0	0	0	5
2262	3	2	1	1	0	37	2	37
2263	3	0	0	1	6	31	2	27
2264	3	0	0	0	6	62	2	41
2265	3	0	0	0	0	3	1	4
2266	3	0	0	0	5	77	5	76
2267	3	1	3	0	0	304	0	378
2268	3	1	0	0	0	135	1	69
2269	3	0	0	1	22	54	2	17
2270	3	0	2	0	0	4	2	23
2271	3	2	1	0	0	16	3	11
2272	3	0	0	0	3	15	1	14
2273	3	1	0	0	1	13	1	13
2274	3	4	0	1	2	26	0	13
2275	3	2	2	0	1	25	6	35
2276	3	0	1	0	4	36	38	38
2277	3	0	0	0	0	0	0	0
2278	3	0	2	0	0	42	2	44
2279	3	1	0	0	1	19	4	11
2280	3	1	0	0	0	13	2	18
2281	3	1	0	0	0	11	1	12
2282	3	5	0	0	1	39	5	38
2283	3	5	0	1	17	154	11	114
2284	3	0	0	0	10	13	0	13
2285	3	0	0	0	1	9	6	17
2286	3	0	1	0	2	17	3	12
2287	3	0	0	0	0	35	0	30
2288	3	1	0	0	1	12	2	14
2289	3	5	0	0	9	9	0	6
2290	3	0	0	1	1	6	2	4
2291	3	0	0	0	1	14	2	22
2292	3	0	0	0	8	15	0	21
2293	3	0	2	0	4	38	3	28
2294	3	3	0	0	4	9	1	13
2295	3	0	0	1	4	23	4	10
2296	3	2	1	0	7	20	4	25
2297	3	0	1	0	0	0	0	0
2298	3	0	0	0	0	10	4	7
2299	3	0	0	0	2	15	3	7
2300	3	2	0	0	3	1	3	8
2301	3	0	0	0	6	31	8	17
2302	3	0	0	0	0	0	0	1
2303	3	1	3	1	10	45	2	39
2304	3	2	0	0	0	13	1	22
2305	3	0	0	0	3	9	1	18
2306	3	5	1	3	35	25	6	14
2307	3	0	0	0	1	71	1	58
2308	3	0	0	0	3	9	7	17
2309	3	0	0	0	0	0	0	0
2310	3	0	0	1	9	67	5	59
2311	3	0	0	0	0	16	0	6
2312	3	0	0	0	1	30	4	36
2313	3	2	1	2	5	24	7	20
2314	3	3	0	1	2	14	1	30
2315	3	5	0	0	0	18	3	16
2316	3	1	3	0	24	31	2	27
2317	3	1	1	0	0	6	1	18
2318	3	0	1	0	0	7	1	21
2319	3	0	3	0	10	95	12	74
2320	3	2	2	0	2	11	10	22
2321	3	4	1	0	0	22	3	29
2322	3	0	0	0	5	6	1	11
2323	3	0	0	0	0	0	1	2
2324	3	2	0	0	2	30	3	27
2325	3	0	0	0	1	20	6	33
2326	3	0	0	0	0	19	3	7
2327	3	2	0	1	5	67	11	41
2328	3	0	1	0	2	3	2	6
2329	3	0	0	0	1	19	4	17
2330	3	0	0	1	0	17	2	21
2331	3	0	0	1	0	3	1	0
2332	3	0	0	0	0	0	0	0
2333	3	0	0	0	0	0	0	5
2334	3	0	0	0	0	7	1	6
2335	3	0	0	0	0	0	0	0
2336	3	0	1	0	1	37	11	22
2337	3	1	1	0	0	30	0	18
2338	3	0	0	0	22	34	3	10
2339	3	3	1	0	18	58	7	59
2340	3	0	1	0	1	10	9	13
2341	3	1	2	1	0	38	5	45
2342	3	1	1	0	40	43	14	44
2343	3	0	0	0	0	15	1	11
2344	3	0	0	0	0	18	10	26
2345	3	0	0	0	1	17	1	10
2346	3	0	1	0	26	19	4	18
2347	3	0	0	0	1	19	4	23
2348	3	3	0	0	12	25	0	19
2349	3	0	0	0	14	8	0	10
2350	3	3	3	1	9	40	7	29
2351	3	0	0	0	0	13	4	20
2352	3	2	0	0	1	35	3	23
2353	3	0	0	0	0	3	0	14
2354	3	3	0	0	0	30	0	17
2355	3	0	1	0	1	4	1	11
2356	3	1	1	0	11	12932	12876	27415
2357	3	0	0	0	15	7	3	17
2358	3	1	0	0	0	11	0	9
2359	2	0	2	0	0	34	1	27
2360	2	0	0	0	0	8	1	16
2361	2	1	0	0	1	5	3	10
2362	2	1	0	0	3	14	4	10
2363	2	0	0	0	0	2	1	1
2364	2	0	0	0	5	0	2	16
2365	2	2	0	0	10	13	3	8
2366	2	1	1	0	0	22	1	10
2367	2	5	3	0	1	254	0	118
2368	2	0	0	0	0	0	0	0
2369	2	0	0	0	0	2	1	2
2370	2	0	0	0	0	5	4	15
2371	2	1	0	0	13	16	3	11
2372	2	0	0	0	1	14	0	6
2373	2	0	0	0	7	17	5	15
2374	2	0	0	1	3	102	4	50
2375	2	2	0	0	0	7	1	14
2376	2	0	1	0	3	30	13	18
2377	2	0	0	0	14	10	0	11
2378	2	0	0	0	0	33	0	24
2379	2	0	0	1	0	16	4	12
2380	2	0	0	0	9	37	1	27
2381	2	0	0	0	0	0	0	0
2382	2	0	1	0	1	14	3	12
2383	2	3	0	0	1	8	3	8
2384	2	2	1	0	3	19	5	24
2385	2	1	0	0	9	11	2	16
2386	2	0	0	0	0	0	0	0
2387	2	0	0	0	0	0	0	0
2388	2	5	0	0	2	7	0	7
2389	2	3	3	0	6	68	9	40
2390	2	0	0	0	2	8	1	9
2391	2	2	0	0	0	11	6	22
2392	2	0	0	0	0	3	0	3
2393	2	0	0	0	0	11	0	7
2394	2	0	0	0	10	19	4	16
2395	2	0	2	0	4	13	5	9
2396	2	0	0	0	0	0	0	2
2397	2	0	0	0	13	0	0	2
2398	2	0	0	0	2	31	4	43
2399	2	2	3	2	22	114	10	78
2400	2	0	0	0	0	0	0	0
2401	2	0	0	0	0	0	0	0
2402	2	0	0	0	1	20	1	11
2403	2	2	1	0	2	10	0	6
2404	2	0	0	0	0	5	1	4
2405	2	0	0	0	1	17	1	14
2406	2	0	0	0	0	13	0	8
2407	2	1	1	0	6	1	2	11
2408	2	0	0	0	0	0	0	0
2409	2	0	0	0	1	7	3	13
2410	2	0	2	0	0	26	2	31
2411	2	0	0	1	1	11	0	13
2412	2	1	0	0	4	10	1	7
2413	2	0	0	0	5	24	2	17
2414	2	0	3	0	1	17	2	16
2415	2	3	0	0	13	2	2	14
2416	2	1	0	0	0	4	1	3
2417	2	0	0	0	0	0	0	0
2418	2	0	0	0	1	127	2	35
2419	2	3	1	1	16	47	5	51
2420	2	0	0	0	0	6	4	4
2421	2	0	1	0	1	5	1	6
2422	2	0	0	0	0	0	0	2
2423	2	1	0	0	7	2	1	16
2424	2	0	0	0	5	8	3	17
2425	2	0	0	0	0	0	1	3
2426	2	0	0	0	0	0	0	0
2427	2	0	0	0	0	1	0	4
2428	2	0	0	0	0	63	2	132
2429	2	0	1	0	8	19	2	20
2430	2	2	0	2	2	3	1	4
2431	2	0	0	0	0	16	6	21
2432	2	1	0	0	2	27	6	33
2433	2	0	0	0	0	6	5	3
2434	2	1	0	1	13	61	3	55
2435	2	1	0	0	1	15	5	23
2436	2	0	0	0	0	0	0	2
2437	2	0	0	0	0	4	0	9
2438	2	0	0	0	0	34	0	32
2439	2	3	1	0	0	32	4	10
2440	2	0	0	0	6	24	2	42
2441	2	1	0	0	0	11	0	20
2442	2	1	0	1	7	18	12	29
2443	2	0	0	0	1	37	8	27
2444	2	0	0	0	0	0	0	1
2445	2	0	0	0	14	22	3	12
2446	2	0	0	0	0	0	0	0
2447	2	1	0	1	5	175	7	163
2448	2	0	0	0	0	1	1	0
2449	2	1	1	0	5	8	5	19
2450	2	0	0	0	0	2	2	6
2451	2	0	0	0	0	0	0	1
2452	2	5	0	0	5	68	6	73
2453	2	0	0	0	9	18	1	12
2454	2	0	2	0	0	23	5	19
2455	2	0	0	0	0	0	0	0
2456	2	0	5	0	32	29	18	33
2457	2	0	0	0	1	0	0	0
2458	2	0	0	0	0	30	0	24
2459	2	0	0	0	0	22	1	24
2460	2	3	0	0	7	206	9	348
2461	2	0	0	0	0	0	0	0
2462	2	0	0	0	11	8	3	15
2463	2	0	2	1	4	16	5	17
2464	2	0	0	0	0	0	0	0
2465	2	1	0	0	0	10	4	2
2466	2	0	0	0	0	0	0	3
2467	2	0	0	0	0	2	0	0
2468	2	0	0	0	2	7	0	9
2469	2	0	3	0	0	42	1	27
2470	2	0	4	0	11	4	3	2
2471	2	0	0	1	1	21	1	19
2472	2	0	0	0	0	6	1	9
2473	2	0	0	0	1	15	3	3
2474	2	0	1	0	0	8	1	14
2475	2	1	0	0	0	11	0	2
2476	2	0	0	0	0	6	2	6
2477	1	0	0	0	0	0	0	0
2478	1	0	0	0	0	0	0	0
2479	1	0	0	0	0	3	0	2
2480	1	0	0	0	0	2	0	5
2481	1	4304	2	0	6	48	1	2138
2482	1	0	0	0	0	0	0	0
2483	1	0	0	0	5	8	4	12
2484	1	0	0	0	1	14	2	19
2485	1	0	1	0	1	14	1	8
2486	1	0	0	0	0	0	0	0
2487	1	0	0	0	0	0	0	0
2488	1	0	0	0	0	0	0	1
2489	1	0	0	0	0	1	0	9
2490	1	0	2	0	10	11	2	17
2491	1	0	0	0	0	21	6	12
2492	1	0	1	0	0	0	0	4
2493	1	0	0	3	2	23	5	23
2494	1	0	0	0	2	13	2	9
2495	1	1	0	0	2	2	2	12
2496	1	0	0	0	0	0	0	0
2497	1	0	0	0	0	0	0	1
2498	1	0	0	0	0	0	0	0
2499	1	0	0	0	1	17	4	30
2500	1	0	0	0	1	0	2	9
2501	1	0	0	0	0	0	0	0
2502	1	3	0	0	11	16	2	24
2503	1	0	0	0	0	0	0	0
2504	1	0	0	0	0	12	0	9
2505	1	0	0	0	0	2	0	0
2506	1	0	0	0	0	0	0	2
2507	1	0	0	0	2	2	0	0
2508	1	0	0	0	0	0	0	0
2509	1	0	0	0	0	0	0	0
2510	1	0	0	2	0	13	2	13
2511	1	0	0	0	0	0	0	0
2512	1	0	0	0	0	0	0	1
2513	1	0	0	0	0	1	0	3
2514	1	0	0	0	0	0	0	0
2515	1	0	1	0	1	8	2	5
2516	1	0	0	0	0	0	0	1
2517	1	0	0	0	4	1	0	0
2518	1	0	0	0	0	2	0	2
2519	1	0	0	0	0	0	0	4
2520	1	0	0	0	0	11	0	9
2521	1	0	0	0	0	0	0	0
2522	1	0	0	0	0	28	3	20
2523	1	1	0	0	14	29	12	41
2524	1	1	0	0	0	7	0	9
2525	1	0	1	0	0	13	3	5
2526	1	1	0	0	0	0	0	2
2527	1	0	0	1	0	5	2	4
2528	1	1	0	0	0	2	1	9
2529	1	0	0	1	0	4	1	7
2530	1	0	0	0	0	0	1	0
2531	1	0	0	0	0	1	0	3
2532	1	0	0	0	0	0	0	0
2533	1	0	0	0	0	2	1	0
2534	1	0	0	0	23	6	0	5
2535	1	2	0	1	7	309	16	279
2536	1	0	0	0	0	0	0	0
2537	1	0	1	0	0	0	1	3
2538	1	0	0	0	1	1	2	1
2539	1	0	0	0	0	0	0	0
2540	1	0	0	0	0	3	3	5
2541	1	0	0	0	0	0	0	0
2542	1	0	0	0	0	0	0	0
2543	1	0	0	0	0	5	0	5
2544	1	0	0	0	0	6	3	2
2545	1	2	0	2	1	8	0	7
2546	1	0	0	0	1	0	0	0
2547	1	0	0	0	0	3	0	0
2548	1	0	0	0	0	0	0	0
2549	1	0	0	0	0	0	0	0
2550	1	0	0	0	0	4	0	7
2551	1	0	0	0	0	4	0	0
2552	1	0	0	0	0	0	2	3
2553	1	0	0	0	9	25	2	20
2554	1	0	0	1	0	6	1	14
2555	1	1	0	0	1	17	2	12
2556	1	0	0	0	0	2	1	0
2557	1	1	0	0	0	10	1	16
2558	1	0	0	0	13	24	2	41
2559	1	0	0	0	0	31	0	16
2560	1	3	0	4	0	8	4	20
2561	1	1	0	0	0	0	0	1
2562	1	0	0	0	2	11	2	20
2563	1	1	0	0	0	5	0	5
2564	1	0	0	0	0	0	1	3
2565	1	1	0	3	1	30	9	40
2566	1	4	0	0	0	18	2	9
2567	1	1	0	0	0	0	0	4
2568	1	0	0	0	0	10	0	13
2569	1	1	0	1	10	14	0	15
2570	1	0	0	0	0	9	0	3
2571	1	0	0	0	0	10	2	2
2572	1	4	0	0	8	1	0	0
2573	1	0	0	0	1	0	0	3
2574	1	0	0	0	0	3	0	2
2575	1	0	0	0	0	0	0	0
2576	1	0	0	0	0	0	0	0
2577	1	0	0	0	0	0	0	1
2578	1	0	0	0	0	1	4	4
2579	1	0	0	0	2	0	0	0
2580	1	0	0	0	0	0	0	0
2581	1	0	0	0	0	0	0	2
2582	1	0	0	0	0	2	0	4
2583	1	0	0	0	0	23	3	23
2584	1	0	0	0	1	10	1	11
2585	1	0	0	0	0	0	0	0
2586	1	0	0	0	2	1	1	0
2587	1	0	0	0	0	0	1	0
2588	1	0	0	0	0	0	0	0
2589	1	0	0	0	0	11	0	3
2590	1	1	2	0	0	20	2	17
2591	1	0	0	0	0	2	0	0
2592	1	0	0	0	0	1	0	0
2593	1	0	0	0	0	11	3	3
2594	1	0	0	1	0	15	0	14
2595	1	0	0	0	0	1	0	0
2596	1	0	0	0	0	2	2	2
2597	1	0	0	0	0	3	0	0
2598	1	0	0	0	0	1	1	4
2599	1	0	0	0	0	0	0	0
2600	1	0	0	0	0	0	0	0
2601	1	0	0	0	0	5	6	12
2602	1	0	0	0	6	35	5	41
2603	1	0	0	0	0	13	3	16
2604	1	0	1	0	7	34	8	31
2605	1	0	0	0	0	13	1	5
2606	1	0	0	0	0	1	1	4
2607	1	1	1	2	2	7	4	5
2608	1	2	2	1	3	14	1	7
2609	1	2	1	0	14	24	8	17
2610	1	0	2	0	12	3	5	9
2611	1	0	0	0	0	3	2	2
2612	1	0	0	0	0	2	0	0
2613	1	0	0	0	0	6	0	12
2614	1	1	2	3	9	182	15	203
2615	1	0	0	0	0	0	0	1
2616	1	2	0	0	0	14	1	11
2617	1	0	0	0	1	25	7	25
2618	1	0	0	0	0	5	0	0
2619	1	0	0	0	5	14	1	7
2620	1	0	0	0	3	1	1	10
2621	1	0	0	0	0	0	0	0
2622	1	2	0	0	2	27	6	20
2623	1	0	0	0	0	0	0	0
2624	1	0	0	0	0	0	0	0
2625	1	0	0	0	0	2	0	3
2626	1	3	4	0	0	8	7	10
2627	1	0	0	0	0	2	0	6
2628	1	0	0	0	0	3	3	4
2629	1	0	0	0	0	0	0	0
2630	1	0	0	0	14	4	5	5
2631	1	0	0	0	0	0	0	1
2632	1	0	0	0	0	0	0	0
2633	1	0	0	0	8	16	0	15
2634	1	0	0	0	1	0	0	1
2635	1	0	0	0	0	6	2	6
2636	1	2	0	0	8	8	2	8
2637	1	0	0	0	0	0	0	0
2638	1	0	0	0	0	2	0	2
2639	1	0	1	0	0	29	3	8
2640	1	0	1	0	0	1	3	4
2641	1	2	0	0	5	36	2	48
2642	1	1	0	0	1	17	2	16
2643	1	0	0	0	0	0	0	0
2644	1	0	0	0	6	2	0	3
2645	1	0	0	0	0	1	0	6
2646	1	0	0	0	0	0	0	0
2647	1	0	0	0	5	21	2	33
2648	1	2	0	0	2	2	4	10
2649	1	0	0	0	0	16	2	14
2650	1	0	0	0	1	0	0	0
2651	1	0	1	0	3	17	0	18
2652	1	0	1	0	0	17	1	7
2653	1	2	0	0	0	0	0	0
2654	1	0	0	0	0	25	0	15
2655	1	0	0	0	0	0	0	1
2656	1	0	0	0	2	38	6	31
2657	1	0	0	0	0	0	0	0
2658	1	0	0	0	0	1	0	1
2659	1	0	0	0	0	0	0	0
2660	1	0	1	0	0	3	0	0
2661	1	0	0	0	0	0	0	4
2662	1	0	0	0	0	1	0	2
2663	1	0	0	0	0	0	0	1
2664	1	0	0	0	0	0	0	0
2665	1	0	0	0	0	6	0	9
2666	1	0	0	1	2	11	2	4
2667	1	1	1	0	2	42	3	39
2668	1	0	0	0	0	0	0	0
2669	1	0	0	0	0	2	0	3
2670	0	11	0	0	1	1	1	2
2671	0	4	0	0	15	5	3	8
2672	0	3	0	0	0	0	0	3
2673	0	3	1	0	1	51	1	20
2674	0	3	0	0	0	0	0	0
2675	0	2	0	0	0	5	0	3
2676	0	2	0	0	2	19	3	11
2677	0	2	0	0	0	0	0	0
2678	0	2	0	0	4	0	0	1
2679	0	2	0	0	0	7	1	10
2680	0	2	1	0	16	16	1	4
2681	0	1	0	0	6	147	11	82
2682	0	1	0	0	0	5	0	4
2683	0	1	0	0	0	6	0	0
2684	0	1	0	0	0	9	0	6
2685	0	1	0	0	0	2	0	1
2686	0	1	0	1	0	3	0	1
2687	0	1	0	0	1	32	1	15
2688	0	1	2	0	0	3	1	9
2689	0	1	0	0	0	0	1	1
2690	0	1	0	0	0	16	0	12
2691	0	1	2	0	0	1	1	4
2692	0	1	0	0	2	76	3	115
2693	0	1	0	0	0	0	0	7
2694	0	1	0	0	0	0	0	0
2695	0	1	0	0	1	4	0	3
2696	0	1	0	3	0	0	1	1
2697	0	1	0	0	2	5	1	13
2698	0	1	1	0	0	7	3	10
2699	0	1	0	0	0	3	0	2
2700	0	1	0	0	1	5	0	1
2701	0	1	0	0	9	14	4	8
2702	0	1	0	0	0	0	0	0
2703	0	1	0	0	0	0	0	0
2704	0	0	0	0	78	110	18	347
2705	0	0	0	0	29	38	5	32
2706	0	0	0	0	24	1	0	0
2707	0	0	0	0	22	0	0	0
2708	0	0	0	0	20	0	2	0
2709	0	0	0	0	20	41	0	8
2710	0	0	0	0	16	0	1	0
2711	0	0	0	0	15	6	0	4
2712	0	0	0	0	14	4	0	0
2713	0	0	0	0	12	8	1	12
2714	0	0	0	0	12	3	1	3
2715	0	0	0	0	10	6	1	7
2716	0	0	0	0	10	4	4	2
2717	0	0	0	0	9	1	3	3
2718	0	0	0	0	9	0	0	0
2719	0	0	0	0	9	38	2	17
2720	0	0	2	0	8	21	6	38
2721	0	0	0	0	8	3	0	6
2722	0	0	0	0	8	6	1	2
2723	0	0	1	0	7	7	1	5
2724	0	0	0	0	7	6	0	4
2725	0	0	0	0	7	0	1	1
2726	0	0	0	0	7	6	0	3
2727	0	0	0	0	7	15	1	14
2728	0	0	0	0	7	23	3	37
2729	0	0	0	0	6	0	1	0
2730	0	0	0	0	6	0	0	1
2731	0	0	0	0	6	0	0	0
2732	0	0	0	0	5	0	0	0
2733	0	0	0	0	5	1	0	5
2734	0	0	0	0	5	6	3	1
2735	0	0	0	0	4	0	0	1
2736	0	0	0	0	4	0	0	0
2737	0	0	0	0	4	0	0	0
2738	0	0	1	0	4	1	3	8
2739	0	0	0	0	4	0	0	1
2740	0	0	0	0	3	0	1	0
2741	0	0	0	0	3	127	9	100
2742	0	0	0	0	3	8	0	1
2743	0	0	1	1	3	25	1	29
2744	0	0	0	0	3	22	2	26
2745	0	0	0	0	3	2	5	0
2746	0	0	0	0	3	0	2	0
2747	0	0	1	0	3	4	0	6
2748	0	0	0	0	3	26	11	14
2749	0	0	0	0	2	61	0	32
2750	0	0	0	0	2	0	0	1
2751	0	0	1	2	2	35	6	27
2752	0	0	0	0	2	0	0	0
2753	0	0	0	0	2	12	2	5
2754	0	0	0	0	2	0	0	0
2755	0	0	0	0	2	2	2	1
2756	0	0	0	3	2	19	2	22
2757	0	0	0	0	2	331	7	447
2758	0	0	0	0	1	0	0	2
2759	0	0	0	0	1	0	0	0
2760	0	0	0	0	1	0	0	0
2761	0	0	0	0	1	7	0	0
2762	0	0	0	0	1	11	1	9
2763	0	0	0	0	1	0	0	0
2764	0	0	0	0	1	134	5	57
2765	0	0	0	0	1	0	0	0
2766	0	0	0	0	1	4	0	2
2767	0	0	0	0	1	13	1	8
2768	0	0	0	0	1	3	1	7
2769	0	0	1	0	1	0	0	0
2770	0	0	0	0	1	3	0	8
2771	0	0	0	0	1	2	0	0
2772	0	0	0	0	1	0	0	0
2773	0	0	0	0	1	2	1	0
2774	0	0	0	0	1	15	0	9
2775	0	0	1	0	1	6	3	8
2776	0	0	0	0	1	10	4	0
2777	0	0	0	0	1	4	0	0
2778	0	0	0	0	1	0	0	0
2779	0	0	0	0	1	0	0	0
2780	0	0	0	0	1	0	0	0
2781	0	0	0	0	1	0	0	1
2782	0	0	0	0	1	0	0	0
2783	0	0	0	0	1	0	0	2
2784	0	0	0	0	1	3	0	0
2785	0	0	0	0	1	11	1	5
2786	0	0	0	0	1	0	0	4
2787	0	0	0	0	1	15	2	4
2788	0	0	0	0	0	67	0	25
2789	0	0	0	0	0	63	0	18
2790	0	0	0	0	0	62	0	64
2791	0	0	0	0	0	35	7	13
2792	0	0	0	0	0	35	0	21
2793	0	0	0	0	0	34	0	18
2794	0	0	0	0	0	32	2	16
2795	0	0	0	0	0	31	0	49
2796	0	0	0	0	0	29	0	13
2797	0	0	0	0	0	28	39	15
2798	0	0	0	0	0	26	0	34
2799	0	0	0	0	0	26	0	10
2800	0	0	1	0	0	26	3	13
2801	0	0	1	0	0	25	0	6
2802	0	0	0	0	0	23	0	15
2803	0	0	1	0	0	23	3	11
2804	0	0	0	0	0	22	0	19
2805	0	0	0	0	0	20	2	39
2806	0	0	0	0	0	19	0	17
2807	0	0	0	0	0	19	1	22
2808	0	0	2	0	0	18	4	19
2809	0	0	0	0	0	17	0	18
2810	0	0	0	0	0	15	1	17
2811	0	0	0	0	0	14	4	11
2812	0	0	0	0	0	13	0	8
2813	0	0	0	0	0	12	1	13
2814	0	0	0	0	0	12	0	3
2815	0	0	0	0	0	12	0	4
2816	0	0	0	0	0	12	0	11
2817	0	0	0	0	0	11	1	2
2818	0	0	0	0	0	11	0	3
2819	0	0	0	0	0	11	0	6
2820	0	0	0	0	0	11	1	14
2821	0	0	0	0	0	11	0	16
2822	0	0	0	0	0	10	0	3
2823	0	0	1	0	0	10	1	3
2824	0	0	0	0	0	10	6	19
2825	0	0	0	0	0	10	0	4
2826	0	0	0	0	0	10	0	5
2827	0	0	1	0	0	9	1	7
2828	0	0	0	0	0	9	1	15
2829	0	0	0	0	0	9	0	6
2830	0	0	0	0	0	9	1	1
2831	0	0	0	0	0	8	3	13
2832	0	0	0	0	0	8	0	2
2833	0	0	0	0	0	8	4	16
2834	0	0	0	0	0	8	0	5
2835	0	0	0	0	0	8	0	2
2836	0	0	0	0	0	7	0	4
2837	0	0	0	0	0	7	0	2
2838	0	0	0	0	0	7	0	3
2839	0	0	0	0	0	6	0	0
2840	0	0	0	0	0	6	0	0
2841	0	0	0	0	0	6	2	3
2842	0	0	0	0	0	6	0	15
2843	0	0	0	0	0	6	2	12
2844	0	0	0	0	0	6	0	0
2845	0	0	0	0	0	6	1	0
2846	0	0	0	0	0	6	2	6
2847	0	0	1	0	0	6	0	6
2848	0	0	0	0	0	5	0	5
2849	0	0	0	0	0	5	1	2
2850	0	0	0	0	0	5	0	1
2851	0	0	0	0	0	5	1	0
2852	0	0	0	0	0	5	0	2
2853	0	0	0	0	0	5	0	2
2854	0	0	0	0	0	5	1	2
2855	0	0	0	0	0	5	0	0
2856	0	0	0	0	0	5	0	1
2857	0	0	0	0	0	5	0	1
2858	0	0	0	0	0	5	0	4
2859	0	0	0	0	0	5	0	1
2860	0	0	0	0	0	5	0	0
2861	0	0	0	0	0	5	1	4
2862	0	0	0	0	0	4	1	0
2863	0	0	0	0	0	4	1	3
2864	0	0	0	0	0	4	0	0
2865	0	0	0	0	0	4	0	0
2866	0	0	0	0	0	4	0	0
2867	0	0	0	0	0	4	5	1
2868	0	0	0	0	0	4	0	5
2869	0	0	0	0	0	4	0	13
2870	0	0	0	0	0	4	0	1
2871	0	0	0	0	0	4	0	0
2872	0	0	0	0	0	4	0	0
2873	0	0	0	0	0	4	0	3
2874	0	0	0	0	0	4	0	6
2875	0	0	0	0	0	4	0	0
2876	0	0	0	0	0	4	1	1
2877	0	0	0	0	0	4	0	0
2878	0	0	0	0	0	4	0	1
2879	0	0	0	0	0	4	0	0
2880	0	0	0	0	0	4	0	14
2881	0	0	0	0	0	4	14	6
2882	0	0	0	0	0	4	0	0
2883	0	0	0	0	0	3	0	0
2884	0	0	0	0	0	3	0	1
2885	0	0	0	0	0	3	1	0
2886	0	0	0	0	0	3	1	3
2887	0	0	0	0	0	3	1	8
2888	0	0	0	0	0	3	0	0
2889	0	0	0	0	0	3	0	3
2890	0	0	0	0	0	3	0	0
2891	0	0	0	0	0	3	0	0
2892	0	0	0	0	0	3	0	2
2893	0	0	0	0	0	3	0	1
2894	0	0	0	0	0	3	0	0
2895	0	0	0	0	0	3	0	1
2896	0	0	0	0	0	3	0	5
2897	0	0	0	0	0	3	0	2
2898	0	0	0	0	0	3	0	0
2899	0	0	0	0	0	3	2	4
2900	0	0	0	0	0	3	0	0
2901	0	0	2	0	0	3	0	1
2902	0	0	0	0	0	3	0	1
2903	0	0	0	0	0	3	0	2
2904	0	0	0	0	0	3	0	0
2905	0	0	0	0	0	3	0	2
2906	0	0	0	0	0	3	0	0
2907	0	0	0	0	0	3	0	6
2908	0	0	0	0	0	3	0	0
2909	0	0	0	0	0	3	1	7
2910	0	0	0	0	0	3	0	5
2911	0	0	0	0	0	3	0	1
2912	0	0	0	2	0	3	5	6
2913	0	0	0	0	0	3	0	0
2914	0	0	0	0	0	3	0	5
2915	0	0	0	0	0	3	1	1
2916	0	0	0	0	0	3	1	4
2917	0	0	0	0	0	3	0	3
2918	0	0	0	0	0	3	0	0
2919	0	0	0	0	0	3	1	5
2920	0	0	0	0	0	3	0	0
2921	0	0	0	0	0	3	0	1
2922	0	0	1	0	0	3	1	0
2923	0	0	1	0	0	3	0	0
2924	0	0	0	0	0	3	0	0
2925	0	0	0	0	0	2	0	2
2926	0	0	0	0	0	2	0	0
2927	0	0	0	0	0	2	0	0
2928	0	0	0	0	0	2	0	0
2929	0	0	0	0	0	2	0	0
2930	0	0	0	0	0	2	0	1
2931	0	0	0	0	0	2	0	0
2932	0	0	0	0	0	2	0	2
2933	0	0	0	0	0	2	0	0
2934	0	0	0	0	0	2	0	1
2935	0	0	0	0	0	2	0	5
2936	0	0	0	0	0	2	0	1
2937	0	0	0	0	0	2	0	0
2938	0	0	0	0	0	2	0	0
2939	0	0	0	0	0	2	0	0
2940	0	0	0	0	0	2	0	0
2941	0	0	0	0	0	2	0	0
2942	0	0	0	0	0	2	0	0
2943	0	0	0	0	0	2	0	1
2944	0	0	0	0	0	2	0	1
2945	0	0	0	0	0	2	1	2
2946	0	0	0	0	0	2	0	0
2947	0	0	0	0	0	2	0	0
2948	0	0	0	0	0	2	0	1
2949	0	0	0	0	0	2	0	2
2950	0	0	0	0	0	2	0	0
2951	0	0	0	0	0	2	1	1
2952	0	0	0	0	0	2	1	6
2953	0	0	0	0	0	2	0	0
2954	0	0	0	0	0	2	0	1
2955	0	0	0	0	0	2	0	2
2956	0	0	0	0	0	2	0	0
2957	0	0	0	0	0	2	0	1
2958	0	0	0	0	0	2	0	0
2959	0	0	0	0	0	2	0	0
2960	0	0	0	0	0	2	0	1
2961	0	0	0	0	0	2	0	3
2962	0	0	0	0	0	2	0	4
2963	0	0	0	0	0	2	0	1
2964	0	0	0	0	0	2	1	2
2965	0	0	0	0	0	2	0	0
2966	0	0	0	0	0	1	0	2
2967	0	0	0	0	0	1	0	2
2968	0	0	0	0	0	1	0	0
2969	0	0	0	0	0	1	0	0
2970	0	0	0	0	0	1	0	2
2971	0	0	0	0	0	1	0	0
2972	0	0	0	0	0	1	0	0
2973	0	0	0	0	0	1	0	0
2974	0	0	0	0	0	1	0	1
2975	0	0	0	0	0	1	0	0
2976	0	0	0	0	0	1	0	0
2977	0	0	0	0	0	1	0	0
2978	0	0	0	0	0	1	0	0
2979	0	0	0	0	0	1	0	0
2980	0	0	0	0	0	1	0	0
2981	0	0	1	0	0	1	1	0
2982	0	0	0	0	0	1	0	0
2983	0	0	0	0	0	1	0	0
2984	0	0	0	0	0	1	0	2
2985	0	0	0	0	0	1	0	0
2986	0	0	1	0	0	1	0	1
2987	0	0	0	0	0	1	0	0
2988	0	0	0	0	0	1	0	0
2989	0	0	0	0	0	1	0	1
2990	0	0	0	0	0	1	0	0
2991	0	0	0	0	0	1	0	0
2992	0	0	0	0	0	1	1	10
2993	0	0	0	0	0	1	0	0
2994	0	0	0	0	0	1	0	1
2995	0	0	0	0	0	1	0	0
2996	0	0	0	0	0	1	0	2
2997	0	0	0	0	0	1	0	1
2998	0	0	0	0	0	1	0	4
2999	0	0	0	0	0	1	0	1
3000	0	0	0	0	0	1	0	0
3001	0	0	0	0	0	1	1	6
3002	0	0	0	0	0	1	0	0
3003	0	0	0	0	0	1	0	1
3004	0	0	0	0	0	1	0	1
3005	0	0	0	0	0	1	1	0
3006	0	0	0	0	0	1	0	2
3007	0	0	0	0	0	1	0	0
3008	0	0	0	0	0	1	0	0
3009	0	0	0	0	0	1	0	5
3010	0	0	0	0	0	1	0	0
3011	0	0	0	0	0	1	0	1
3012	0	0	0	0	0	1	0	0
3013	0	0	0	0	0	1	0	0
3014	0	0	0	0	0	1	0	0
3015	0	0	0	0	0	1	0	1
3016	0	0	0	0	0	1	0	0
3017	0	0	0	0	0	1	0	0
3018	0	0	0	0	0	1	0	4
3019	0	0	0	0	0	1	0	0
3020	0	0	0	0	0	1	0	0
3021	0	0	0	0	0	1	0	0
3022	0	0	0	0	0	1	0	0
3023	0	0	0	0	0	1	0	0
3024	0	0	0	0	0	1	0	0
3025	0	0	0	0	0	1	0	0
3026	0	0	0	0	0	1	0	3
3027	0	0	0	0	0	1	0	3
3028	0	0	0	0	0	1	1	1
3029	0	0	0	0	0	1	0	0
3030	0	0	0	0	0	1	2	2
3031	0	0	0	0	0	1	0	0
3032	0	0	0	0	0	1	0	1
3033	0	0	0	0	0	1	0	1
3034	0	0	0	0	0	1	1	1
3035	0	0	0	0	0	1	1	0
3036	0	0	0	0	0	1	0	0
3037	0	0	0	0	0	1	0	1
3038	0	0	0	0	0	1	0	0
3039	0	0	0	0	0	1	0	2
3040	0	0	0	0	0	1	0	10
3041	0	0	0	0	0	1	0	0
3042	0	0	0	0	0	1	0	0
3043	0	0	0	0	0	1	0	0
3044	0	0	0	0	0	1	0	0
3045	0	0	0	0	0	1	0	5
3046	0	0	0	0	0	1	0	0
3047	0	0	0	0	0	1	0	2
3048	0	0	0	0	0	1	0	0
3049	0	0	0	0	0	1	0	0
3050	0	0	0	0	0	1	0	0
3051	0	0	0	0	0	1	0	1
3052	0	0	0	0	0	1	1	1
3053	0	0	0	0	0	1	0	0
3054	0	0	0	0	0	1	0	0
3055	0	0	0	0	0	1	0	0
3056	0	0	0	0	0	1	0	1
3057	0	0	0	0	0	1	0	0
3058	0	0	0	0	0	1	0	0
3059	0	0	0	0	0	1	0	0
3060	0	0	0	0	0	1	1	1
3061	0	0	0	0	0	1	0	0
3062	0	0	0	0	0	1	0	0
3063	0	0	0	0	0	1	0	0
3064	0	0	0	0	0	1	0	0
3065	0	0	0	0	0	1	0	0
3066	0	0	0	0	0	1	0	1
3067	0	0	0	0	0	1	0	0
3068	0	0	0	0	0	1	0	0
3069	0	0	0	0	0	1	3	5
3070	0	0	0	0	0	1	0	0
3071	0	0	0	0	0	1	0	0
3072	0	0	0	0	0	1	0	0
3073	0	0	0	0	0	1	0	0
3074	0	0	0	0	0	1	1	3
3075	0	0	0	0	0	1	0	1
3076	0	0	0	0	0	1	0	0
3077	0	0	0	0	0	1	0	0
3078	0	0	0	0	0	1	0	0
3079	0	0	0	0	0	1	0	0
3080	0	0	0	0	0	1	0	0
3081	0	0	2	0	0	0	1	0
3082	0	0	2	0	0	0	0	0
3083	0	0	1	0	0	0	0	0
3084	0	0	1	0	0	0	0	0
3085	0	0	0	2	0	0	0	0
3086	0	0	0	2	0	0	0	0
3087	0	0	0	0	0	0	6	0
3088	0	0	0	0	0	0	5	2
3089	0	0	0	0	0	0	2	3
3090	0	0	0	0	0	0	2	0
3091	0	0	0	0	0	0	2	0
3092	0	0	0	0	0	0	1	0
3093	0	0	0	0	0	0	1	1
3094	0	0	0	0	0	0	1	0
3095	0	0	0	0	0	0	1	0
3096	0	0	0	0	0	0	1	0
3097	0	0	0	0	0	0	1	1
3098	0	0	0	0	0	0	1	5
3099	0	0	0	0	0	0	1	1
3100	0	0	0	0	0	0	1	0
3101	0	0	0	0	0	0	1	0
3102	0	0	0	0	0	0	1	0
3103	0	0	0	0	0	0	1	0
3104	0	0	0	0	0	0	1	5
3105	0	0	0	0	0	0	1	0
3106	0	0	0	0	0	0	1	0
3107	0	0	0	0	0	0	1	0
3108	0	0	0	0	0	0	1	0
3109	0	0	0	0	0	0	1	0
3110	0	0	0	0	0	0	1	0
3111	0	0	0	0	0	0	1	0
3112	0	0	0	0	0	0	1	4
3113	0	0	0	0	0	0	1	0
3114	0	0	0	0	0	0	1	0
3115	0	0	0	0	0	0	1	0
3116	0	0	0	0	0	0	1	1
3117	0	0	0	0	0	0	1	0
3118	0	0	0	0	0	0	1	4
3119	0	0	0	0	0	0	1	1
3120	0	0	0	0	0	0	1	2
3121	0	0	0	0	0	0	1	0
3122	0	0	0	0	0	0	1	4
3123	0	0	0	0	0	0	1	0
3124	0	0	0	0	0	0	0	10
3125	0	0	0	0	0	0	0	7
3126	0	0	0	0	0	0	0	6
3127	0	0	0	0	0	0	0	5
3128	0	0	0	0	0	0	0	4
3129	0	0	0	0	0	0	0	4
3130	0	0	0	0	0	0	0	4
3131	0	0	0	0	0	0	0	4
3132	0	0	0	0	0	0	0	4
3133	0	0	0	0	0	0	0	4
3134	0	0	0	0	0	0	0	3
3135	0	0	0	0	0	0	0	3
3136	0	0	0	0	0	0	0	3
3137	0	0	0	0	0	0	0	3
3138	0	0	0	0	0	0	0	3
3139	0	0	0	0	0	0	0	3
3140	0	0	0	0	0	0	0	3
3141	0	0	0	0	0	0	0	3
3142	0	0	0	0	0	0	0	3
3143	0	0	0	0	0	0	0	3
3144	0	0	0	0	0	0	0	3
3145	0	0	0	0	0	0	0	3
3146	0	0	0	0	0	0	0	3
3147	0	0	0	0	0	0	0	3
3148	0	0	0	0	0	0	0	3
3149	0	0	0	0	0	0	0	3
3150	0	0	0	0	0	0	0	3
3151	0	0	0	0	0	0	0	2
3152	0	0	0	0	0	0	0	2
3153	0	0	0	0	0	0	0	2
3154	0	0	0	0	0	0	0	2
3155	0	0	0	0	0	0	0	2
3156	0	0	0	0	0	0	0	2
3157	0	0	0	0	0	0	0	2
3158	0	0	0	0	0	0	0	2
3159	0	0	0	0	0	0	0	2
3160	0	0	0	0	0	0	0	2
3161	0	0	0	0	0	0	0	2
3162	0	0	0	0	0	0	0	2
3163	0	0	0	0	0	0	0	2
3164	0	0	0	0	0	0	0	2
3165	0	0	0	0	0	0	0	2
3166	0	0	0	0	0	0	0	2
3167	0	0	0	0	0	0	0	2
3168	0	0	0	0	0	0	0	2
3169	0	0	0	0	0	0	0	2
3170	0	0	0	0	0	0	0	2
3171	0	0	0	0	0	0	0	2
3172	0	0	0	0	0	0	0	2
3173	0	0	0	0	0	0	0	2
3174	0	0	0	0	0	0	0	2
3175	0	0	0	0	0	0	0	2
3176	0	0	0	0	0	0	0	2
3177	0	0	0	0	0	0	0	2
3178	0	0	0	0	0	0	0	2
3179	0	0	0	0	0	0	0	2
3180	0	0	0	0	0	0	0	2
3181	0	0	0	0	0	0	0	2
3182	0	0	0	0	0	0	0	2
3183	0	0	0	0	0	0	0	2
3184	0	0	0	0	0	0	0	1
3185	0	0	0	0	0	0	0	1
3186	0	0	0	0	0	0	0	1
3187	0	0	0	0	0	0	0	1
3188	0	0	0	0	0	0	0	1
3189	0	0	0	0	0	0	0	1
3190	0	0	0	0	0	0	0	1
3191	0	0	0	0	0	0	0	1
3192	0	0	0	0	0	0	0	1
3193	0	0	0	0	0	0	0	1
3194	0	0	0	0	0	0	0	1
3195	0	0	0	0	0	0	0	1
3196	0	0	0	0	0	0	0	1
3197	0	0	0	0	0	0	0	1
3198	0	0	0	0	0	0	0	1
3199	0	0	0	0	0	0	0	1
3200	0	0	0	0	0	0	0	1
3201	0	0	0	0	0	0	0	1
3202	0	0	0	0	0	0	0	1
3203	0	0	0	0	0	0	0	1
3204	0	0	0	0	0	0	0	1
3205	0	0	0	0	0	0	0	1
3206	0	0	0	0	0	0	0	1
3207	0	0	0	0	0	0	0	1
3208	0	0	0	0	0	0	0	1
3209	0	0	0	0	0	0	0	1
3210	0	0	0	0	0	0	0	1
3211	0	0	0	0	0	0	0	1
3212	0	0	0	0	0	0	0	1
3213	0	0	0	0	0	0	0	1
3214	0	0	0	0	0	0	0	1
3215	0	0	0	0	0	0	0	1
3216	0	0	0	0	0	0	0	1
3217	0	0	0	0	0	0	0	1
3218	0	0	0	0	0	0	0	1
3219	0	0	0	0	0	0	0	1
3220	0	0	0	0	0	0	0	1
3221	0	0	0	0	0	0	0	1
3222	0	0	0	0	0	0	0	1
3223	0	0	0	0	0	0	0	1
3224	0	0	0	0	0	0	0	1
3225	0	0	0	0	0	0	0	1
3226	0	0	0	0	0	0	0	1
3227	0	0	0	0	0	0	0	1
3228	0	0	0	0	0	0	0	1
3229	0	0	0	0	0	0	0	1
3230	0	0	0	0	0	0	0	1
3231	0	0	0	0	0	0	0	1
3232	0	0	0	0	0	0	0	1
3233	0	0	0	0	0	0	0	1
3234	0	0	0	0	0	0	0	1
3235	0	0	0	0	0	0	0	1
3236	0	0	0	0	0	0	0	1
3237	0	0	0	0	0	0	0	1
3238	0	0	0	0	0	0	0	1
3239	0	0	0	0	0	0	0	1
3240	0	0	0	0	0	0	0	1
3241	0	0	0	0	0	0	0	1
3242	0	0	0	0	0	0	0	1
3243	0	0	0	0	0	0	0	1
3244	0	0	0	0	0	0	0	1
3245	0	0	0	0	0	0	0	1
3246	0	0	0	0	0	0	0	1
3247	0	0	0	0	0	0	0	1
3248	0	0	0	0	0	0	0	1
3249	0	0	0	0	0	0	0	1
3250	0	0	0	0	0	0	0	1
3251	0	0	0	0	0	0	0	1
3252	0	0	0	0	0	0	0	1
3253	0	0	0	0	0	0	0	1
3254	0	0	0	0	0	0	0	1
3255	0	0	0	0	0	0	0	1
3256	0	0	0	0	0	0	0	1
3257	0	0	0	0	0	0	0	1
3258	0	0	0	0	0	0	0	1
3259	0	0	0	0	0	0	0	1
3260	0	0	0	0	0	0	0	1
3261	0	0	0	0	0	0	0	1
3262	0	0	0	0	0	0	0	1
